gene	SScore	norm
4137	0.47177454297544336	1.0
51226	0.3023830979296318	0.6409483140453625
3292	0.28409462722290135	0.6021830373278301
5158	0.2638202235224249	0.559208264732837
26276	0.26273712445041764	0.5569124666908819
23331	0.23212051246337354	0.49201576456289586
6155	0.2275463373024836	0.48232008422363687
55839	0.22354248460319304	0.4738332916255484
1021	0.2191097252448783	0.464437364218449
5806	0.19755300651183597	0.4187445241658979
6714	0.19755300651183597	0.4187445241658979
284654	0.19508759753136262	0.4135187038727464
51741	0.19373796185861716	0.41065793977930165
8516	0.18990363611051844	0.40253048609365777
79784	0.18144015858745513	0.3845908205286511
10975	0.17782346296066312	0.3769246679550472
7049	0.17495025829541633	0.3708344608677259
10197	0.17403297073030888	0.3688901262723868
10466	0.17382261069152483	0.3684442352383829
146754	0.16568363842604797	0.3511924093680317
7881	0.1607488414473822	0.3407323346307591
3983	0.16058329166216348	0.34038142594421866
6919	0.15712628706859508	0.3330537635151157
8639	0.15399723378179628	0.32642124522138977
9055	0.15356488201212018	0.3255048079610211
10815	0.14693736673538402	0.31145675179644516
100506084	0.14422123886270768	0.3056994935613019
22871	0.13017371559685953	0.2759235688637725
80152	0.12812716056305787	0.27158557508205167
2869	0.12739656371978844	0.27003696069802485
7068	0.12595898719709583	0.2669897922060034
28954	0.12489145656303209	0.2647269939055039
8028	0.12349770431451938	0.26177271782328376
10631	0.11981585172764973	0.25396845487249264
5310	0.11799347098452266	0.25010563359427473
55289	0.11660817386990126	0.2471692794919859
11200	0.11137770045103512	0.23608247225165033
4905	0.10789288428799838	0.2286958588471663
6836	0.10566604378189585	0.22397572178326702
6747	0.103428367157486	0.21923261587022433
64215	0.10126099123918368	0.214638523309331
54165	0.09857472754680736	0.2089445668795621
8678	0.09648658571106798	0.20451842336073286
3213	0.09586108029759159	0.20319256671418434
9353	0.09427695679417365	0.1998347689546295
3233	0.09421829968765301	0.19971043603460653
3211	0.09402503138060143	0.19930077360171508
1607	0.09373512892002404	0.19868627995237784
8153	0.09265313889599641	0.19639283271123675
55163	0.09263224751146833	0.19634855015118946
3217	0.09215887966712222	0.19534517289950348
3215	0.09206406600491324	0.1951442004994011
1017	0.09196925234270426	0.1949432280992987
53615	0.0918200433070437	0.19462695618958628
246744	0.08979962183939583	0.19034435659253035
752	0.08979962183939583	0.19034435659253035
26024	0.08428128898843944	0.17864738622157156
26137	0.08407712964149867	0.17821463852464595
4640	0.08313290967454544	0.17621321648733523
84932	0.08313290967454544	0.17621321648733523
54434	0.08313290967454544	0.17621321648733523
5058	0.08313290967454544	0.17621321648733523
84517	0.08313290967454544	0.17621321648733523
2669	0.08313290967454544	0.17621321648733523
57111	0.08313290967454544	0.17621321648733523
381	0.08313290967454544	0.17621321648733523
25930	0.08313290967454544	0.17621321648733523
728378	0.08313290967454544	0.17621321648733523
148252	0.08313290967454544	0.17621321648733523
91608	0.08313290967454544	0.17621321648733523
55970	0.08313290967454544	0.17621321648733523
51126	0.08313290967454544	0.17621321648733523
10382	0.08313290967454544	0.17621321648733523
5913	0.08313290967454544	0.17621321648733523
10124	0.08313290967454544	0.17621321648733523
79363	0.08313290967454544	0.17621321648733523
653269	0.08313290967454544	0.17621321648733523
54769	0.08313290967454544	0.17621321648733523
80018	0.08313290967454544	0.17621321648733523
50855	0.08313290967454544	0.17621321648733523
11329	0.08313290967454544	0.17621321648733523
5604	0.08313290967454544	0.17621321648733523
4593	0.08313290967454544	0.17621321648733523
11158	0.08313290967454544	0.17621321648733523
5908	0.08313290967454544	0.17621321648733523
391	0.08313290967454544	0.17621321648733523
64005	0.08313290967454544	0.17621321648733523
26524	0.08313290967454544	0.17621321648733523
5796	0.08313290967454544	0.17621321648733523
673	0.08313290967454544	0.17621321648733523
3985	0.08313290967454544	0.17621321648733523
11159	0.08313290967454544	0.17621321648733523
10120	0.08313290967454544	0.17621321648733523
23433	0.08313290967454544	0.17621321648733523
58480	0.08313290967454544	0.17621321648733523
2885	0.08313290967454544	0.17621321648733523
378	0.08313290967454544	0.17621321648733523
653781	0.08313290967454544	0.17621321648733523
79785	0.08313290967454544	0.17621321648733523
2017	0.08313290967454544	0.17621321648733523
1855	0.08313290967454544	0.17621321648733523
1033	0.08313290967454544	0.17621321648733523
3326	0.08313290967454544	0.17621321648733523
3918	0.08313290967454544	0.17621321648733523
80117	0.08313290967454544	0.17621321648733523
5595	0.08313290967454544	0.17621321648733523
2263	0.08313290967454544	0.17621321648733523
5911	0.08313290967454544	0.17621321648733523
11066	0.08313290967454544	0.17621321648733523
3911	0.08313290967454544	0.17621321648733523
6237	0.08313290967454544	0.17621321648733523
3915	0.08313290967454544	0.17621321648733523
3984	0.08313290967454544	0.17621321648733523
6009	0.08313290967454544	0.17621321648733523
494551	0.08313290967454544	0.17621321648733523
80122	0.08313290967454544	0.17621321648733523
161253	0.08313290967454544	0.17621321648733523
445582	0.08313290967454544	0.17621321648733523
72	0.08313290967454544	0.17621321648733523
5063	0.08313290967454544	0.17621321648733523
5037	0.08313290967454544	0.17621321648733523
91807	0.08313290967454544	0.17621321648733523
377	0.08313290967454544	0.17621321648733523
10319	0.08313290967454544	0.17621321648733523
9644	0.08313290967454544	0.17621321648733523
9077	0.08313290967454544	0.17621321648733523
153478	0.08313290967454544	0.17621321648733523
81569	0.08313290967454544	0.17621321648733523
6014	0.08313290967454544	0.17621321648733523
5898	0.08313290967454544	0.17621321648733523
5912	0.08313290967454544	0.17621321648733523
79893	0.08313290967454544	0.17621321648733523
58	0.08313290967454544	0.17621321648733523
9886	0.08313290967454544	0.17621321648733523
9230	0.08313290967454544	0.17621321648733523
55860	0.08313290967454544	0.17621321648733523
5594	0.08313290967454544	0.17621321648733523
57826	0.08313290967454544	0.17621321648733523
10419	0.08313290967454544	0.17621321648733523
132946	0.08313290967454544	0.17621321648733523
56924	0.08313290967454544	0.17621321648733523
1134	0.08313290967454544	0.17621321648733523
70	0.08313290967454544	0.17621321648733523
345651	0.08313290967454544	0.17621321648733523
2817	0.08313290967454544	0.17621321648733523
339231	0.08313290967454544	0.17621321648733523
389	0.08313290967454544	0.17621321648733523
3320	0.08313290967454544	0.17621321648733523
23221	0.08313290967454544	0.17621321648733523
5295	0.08313290967454544	0.17621321648733523
6092	0.08313290967454544	0.17621321648733523
387	0.08313290967454544	0.17621321648733523
71	0.08313290967454544	0.17621321648733523
4215	0.08313290967454544	0.17621321648733523
4233	0.08313290967454544	0.17621321648733523
284382	0.08313290967454544	0.17621321648733523
4638	0.08313290967454544	0.17621321648733523
10633	0.08313290967454544	0.17621321648733523
4087	0.08313290967454544	0.17621321648733523
51655	0.08313290967454544	0.17621321648733523
619373	0.08313290967454544	0.17621321648733523
6010	0.08313290967454544	0.17621321648733523
1432	0.08313290967454544	0.17621321648733523
50618	0.08313290967454544	0.17621321648733523
5899	0.08313290967454544	0.17621321648733523
3845	0.08313290967454544	0.17621321648733523
2246	0.08313290967454544	0.17621321648733523
79918	0.08313290967454544	0.17621321648733523
3909	0.08313290967454544	0.17621321648733523
3688	0.08313290967454544	0.17621321648733523
1756	0.08313290967454544	0.17621321648733523
7402	0.08313290967454544	0.17621321648733523
375790	0.08313290967454544	0.17621321648733523
6016	0.08313290967454544	0.17621321648733523
6655	0.08313290967454544	0.17621321648733523
84100	0.08313290967454544	0.17621321648733523
7465	0.08313290967454544	0.17621321648733523
22808	0.08313290967454544	0.17621321648733523
60	0.08313290967454544	0.17621321648733523
22800	0.08313290967454544	0.17621321648733523
7525	0.08313290967454544	0.17621321648733523
4586	0.08313290967454544	0.17621321648733523
8766	0.08313290967454544	0.17621321648733523
2151	0.08313290967454544	0.17621321648733523
8440	0.08313290967454544	0.17621321648733523
139741	0.08313290967454544	0.17621321648733523
3908	0.08313290967454544	0.17621321648733523
10746	0.08313290967454544	0.17621321648733523
4689	0.08313290967454544	0.17621321648733523
51277	0.08313290967454544	0.17621321648733523
5829	0.08313290967454544	0.17621321648733523
399	0.08313290967454544	0.17621321648733523
390790	0.08313290967454544	0.17621321648733523
6857	0.08313290967454544	0.17621321648733523
57381	0.08313290967454544	0.17621321648733523
51285	0.08313290967454544	0.17621321648733523
388	0.08313290967454544	0.17621321648733523
5862	0.08313290967454544	0.17621321648733523
285590	0.08313290967454544	0.17621321648733523
5062	0.08313290967454544	0.17621321648733523
3265	0.08313290967454544	0.17621321648733523
9088	0.08313290967454544	0.17621321648733523
51552	0.08313290967454544	0.17621321648733523
54509	0.08313290967454544	0.17621321648733523
121268	0.08313290967454544	0.17621321648733523
6300	0.08313290967454544	0.17621321648733523
10880	0.08313290967454544	0.17621321648733523
10121	0.08313290967454544	0.17621321648733523
6453	0.08313290967454544	0.17621321648733523
27289	0.08313290967454544	0.17621321648733523
85359	0.08313290967454544	0.17621321648733523
84612	0.08313290967454544	0.17621321648733523
1128	0.08313290967454544	0.17621321648733523
390	0.08313290967454544	0.17621321648733523
165904	0.08313290967454544	0.17621321648733523
3266	0.08313290967454544	0.17621321648733523
115761	0.08313290967454544	0.17621321648733523
23551	0.08313290967454544	0.17621321648733523
6091	0.08313290967454544	0.17621321648733523
85004	0.08313290967454544	0.17621321648733523
65997	0.08313290967454544	0.17621321648733523
221079	0.08313290967454544	0.17621321648733523
3672	0.08313290967454544	0.17621321648733523
285598	0.08313290967454544	0.17621321648733523
440068	0.08313290967454544	0.17621321648733523
10881	0.08313290967454544	0.17621321648733523
8972	0.08313290967454544	0.17621321648733523
23012	0.08313290967454544	0.17621321648733523
5581	0.08313290967454544	0.17621321648733523
5495	0.08313290967454544	0.17621321648733523
3082	0.08313290967454544	0.17621321648733523
140625	0.08313290967454544	0.17621321648733523
5603	0.08313290967454544	0.17621321648733523
4629	0.08313290967454544	0.17621321648733523
3914	0.08313290967454544	0.17621321648733523
3685	0.08313290967454544	0.17621321648733523
4893	0.08313290967454544	0.17621321648733523
7534	0.08313290967454544	0.17621321648733523
3913	0.08313290967454544	0.17621321648733523
375	0.08313290967454544	0.17621321648733523
389119	0.08313290967454544	0.17621321648733523
9113	0.08313290967454544	0.17621321648733523
9815	0.08313290967454544	0.17621321648733523
387496	0.08313290967454544	0.17621321648733523
6654	0.08313290967454544	0.17621321648733523
85366	0.08313290967454544	0.17621321648733523
170487	0.08313290967454544	0.17621321648733523
25	0.08313290967454544	0.17621321648733523
26225	0.08313290967454544	0.17621321648733523
171177	0.08313290967454544	0.17621321648733523
10123	0.08313290967454544	0.17621321648733523
340156	0.08313290967454544	0.17621321648733523
22836	0.08313290967454544	0.17621321648733523
1605	0.08313290967454544	0.17621321648733523
400	0.08313290967454544	0.17621321648733523
213	0.08313290967454544	0.17621321648733523
6236	0.08313290967454544	0.17621321648733523
5600	0.08313290967454544	0.17621321648733523
5894	0.08313290967454544	0.17621321648733523
3912	0.08313290967454544	0.17621321648733523
2549	0.08313290967454544	0.17621321648733523
8317	0.08313290967454544	0.17621321648733523
29984	0.08313290967454544	0.17621321648733523
59	0.08313290967454544	0.17621321648733523
117145	0.08313290967454544	0.17621321648733523
7473	0.0778266266760348	0.16496571897497614
151531	0.07716361426223879	0.16356036036954053
7015	0.07700325100749923	0.16322044534630048
10951	0.07534155162019156	0.15969821335635995
3612	0.07384491998038009	0.15652586829854412
7266	0.07211456726793036	0.15285811483830752
3093	0.06756632347125414	0.14321740008504674
1545	0.06550114298427549	0.13883992673950815
2063	0.06112215821484929	0.12955798299195384
11094	0.0581604230709446	0.12328012169569724
4690	0.057921571230817516	0.12277383782836378
120892	0.057921571230817516	0.12277383782836378
672	0.057921571230817516	0.12277383782836378
5747	0.057921571230817516	0.12277383782836378
5879	0.057921571230817516	0.12277383782836378
5880	0.057921571230817516	0.12277383782836378
998	0.057921571230817516	0.12277383782836378
983	0.057921571230817516	0.12277383782836378
5881	0.057921571230817516	0.12277383782836378
56980	0.057921571230817516	0.12277383782836378
55803	0.0552540960857548	0.1171197066659675
29916	0.055197308731093186	0.11699933697771883
55625	0.05508373402176995	0.11675859760122147
2908	0.05508373402176995	0.11675859760122147
26059	0.05508373402176995	0.11675859760122147
949	0.05508373402176995	0.11675859760122147
11182	0.05508373402176995	0.11675859760122147
51069	0.05508373402176995	0.11675859760122147
11052	0.05508373402176995	0.11675859760122147
5742	0.05508373402176995	0.11675859760122147
6382	0.05508373402176995	0.11675859760122147
1394	0.05222464597468082	0.11069831289603772
3232	0.04845183510848492	0.10270124963272323
171024	0.047486659110307916	0.10065540800657334
126549	0.04724536511076368	0.10014394760003589
91433	0.04714884751094597	0.09993936343742088
3231	0.04714884751094597	0.09993936343742088
10718	0.04710058871103712	0.09983707135611339
3212	0.047004071111219424	0.09963248719349842
3216	0.046955812311310574	0.09953019511219091
54875	0.04690755351140172	0.0994279030308834
55815	0.04685929471149287	0.09932561094957591
51761	0.04685929471149287	0.09932561094957591
4940	0.046811035911584024	0.09922331886826843
51665	0.046811035911584024	0.09922331886826843
996	0.046811035911584024	0.09922331886826843
6295	0.046811035911584024	0.09922331886826843
100302652	0.046811035911584024	0.09922331886826843
10517	0.046811035911584024	0.09922331886826843
4237	0.046811035911584024	0.09922331886826843
7704	0.046811035911584024	0.09922331886826843
3234	0.046811035911584024	0.09922331886826843
56893	0.046811035911584024	0.09922331886826843
267	0.046811035911584024	0.09922331886826843
27252	0.046811035911584024	0.09922331886826843
401036	0.046811035911584024	0.09922331886826843
9810	0.046811035911584024	0.09922331886826843
7295	0.046811035911584024	0.09922331886826843
152006	0.046811035911584024	0.09922331886826843
7703	0.046811035911584024	0.09922331886826843
10293	0.046811035911584024	0.09922331886826843
7298	0.046811035911584024	0.09922331886826843
90025	0.046811035911584024	0.09922331886826843
26190	0.046811035911584024	0.09922331886826843
10393	0.046811035911584024	0.09922331886826843
22954	0.046811035911584024	0.09922331886826843
23304	0.046811035911584024	0.09922331886826843
7381	0.046811035911584024	0.09922331886826843
9223	0.046811035911584024	0.09922331886826843
84727	0.046811035911584024	0.09922331886826843
26234	0.046811035911584024	0.09922331886826843
51366	0.046811035911584024	0.09922331886826843
23400	0.046811035911584024	0.09922331886826843
7335	0.046811035911584024	0.09922331886826843
10277	0.046811035911584024	0.09922331886826843
5710	0.046811035911584024	0.09922331886826843
8697	0.046811035911584024	0.09922331886826843
56477	0.046811035911584024	0.09922331886826843
55008	0.046811035911584024	0.09922331886826843
26994	0.046811035911584024	0.09922331886826843
64747	0.046811035911584024	0.09922331886826843
50626	0.046811035911584024	0.09922331886826843
9903	0.046811035911584024	0.09922331886826843
9690	0.046811035911584024	0.09922331886826843
64219	0.046811035911584024	0.09922331886826843
255488	0.046811035911584024	0.09922331886826843
7323	0.046811035911584024	0.09922331886826843
10273	0.046811035911584024	0.09922331886826843
8926	0.046811035911584024	0.09922331886826843
4738	0.046811035911584024	0.09922331886826843
10213	0.046811035911584024	0.09922331886826843
10616	0.046811035911584024	0.09922331886826843
80176	0.046811035911584024	0.09922331886826843
51320	0.046811035911584024	0.09922331886826843
55850	0.046811035911584024	0.09922331886826843
5887	0.046811035911584024	0.09922331886826843
8266	0.046811035911584024	0.09922331886826843
25820	0.046811035911584024	0.09922331886826843
64135	0.046811035911584024	0.09922331886826843
55236	0.046811035911584024	0.09922331886826843
6045	0.046811035911584024	0.09922331886826843
345778	0.046811035911584024	0.09922331886826843
7334	0.046811035911584024	0.09922331886826843
8777	0.046811035911584024	0.09922331886826843
84447	0.046811035911584024	0.09922331886826843
223082	0.046811035911584024	0.09922331886826843
6217	0.046811035911584024	0.09922331886826843
2309	0.046811035911584024	0.09922331886826843
80196	0.046811035911584024	0.09922331886826843
54926	0.046811035911584024	0.09922331886826843
9531	0.046811035911584024	0.09922331886826843
80028	0.046811035911584024	0.09922331886826843
53339	0.046811035911584024	0.09922331886826843
54778	0.046811035911584024	0.09922331886826843
3178	0.046811035911584024	0.09922331886826843
494470	0.046811035911584024	0.09922331886826843
6227	0.046811035911584024	0.09922331886826843
29979	0.046811035911584024	0.09922331886826843
79184	0.046811035911584024	0.09922331886826843
5903	0.046811035911584024	0.09922331886826843
100532731	0.046811035911584024	0.09922331886826843
899	0.046811035911584024	0.09922331886826843
84133	0.046811035911584024	0.09922331886826843
23608	0.046811035911584024	0.09922331886826843
55182	0.046811035911584024	0.09922331886826843
140462	0.046811035911584024	0.09922331886826843
7329	0.046811035911584024	0.09922331886826843
26548	0.046811035911584024	0.09922331886826843
6468	0.046811035911584024	0.09922331886826843
51081	0.046811035911584024	0.09922331886826843
140459	0.046811035911584024	0.09922331886826843
7337	0.046811035911584024	0.09922331886826843
55585	0.046811035911584024	0.09922331886826843
200312	0.046811035911584024	0.09922331886826843
135892	0.046811035911584024	0.09922331886826843
51465	0.046811035911584024	0.09922331886826843
8454	0.046811035911584024	0.09922331886826843
137735	0.046811035911584024	0.09922331886826843
3308	0.046811035911584024	0.09922331886826843
51725	0.046811035911584024	0.09922331886826843
84961	0.046811035911584024	0.09922331886826843
55294	0.046811035911584024	0.09922331886826843
991	0.046811035911584024	0.09922331886826843
64682	0.046811035911584024	0.09922331886826843
81559	0.046811035911584024	0.09922331886826843
56254	0.046811035911584024	0.09922331886826843
55958	0.046811035911584024	0.09922331886826843
260425	0.046811035911584024	0.09922331886826843
93611	0.046811035911584024	0.09922331886826843
55743	0.046811035911584024	0.09922331886826843
26272	0.046811035911584024	0.09922331886826843
114088	0.046811035911584024	0.09922331886826843
7341	0.046811035911584024	0.09922331886826843
8453	0.046811035911584024	0.09922331886826843
89122	0.046811035911584024	0.09922331886826843
6782	0.046811035911584024	0.09922331886826843
51255	0.046811035911584024	0.09922331886826843
4939	0.046811035911584024	0.09922331886826843
55175	0.046811035911584024	0.09922331886826843
6049	0.046811035911584024	0.09922331886826843
5071	0.046811035911584024	0.09922331886826843
7353	0.046811035911584024	0.09922331886826843
54941	0.046811035911584024	0.09922331886826843
442868	0.046811035911584024	0.09922331886826843
143279	0.046811035911584024	0.09922331886826843
143384	0.046811035911584024	0.09922331886826843
84861	0.046811035911584024	0.09922331886826843
8450	0.046811035911584024	0.09922331886826843
246184	0.046811035911584024	0.09922331886826843
9040	0.046811035911584024	0.09922331886826843
8925	0.046811035911584024	0.09922331886826843
8638	0.046811035911584024	0.09922331886826843
8452	0.046811035911584024	0.09922331886826843
26270	0.046811035911584024	0.09922331886826843
140545	0.046811035911584024	0.09922331886826843
5886	0.046811035911584024	0.09922331886826843
92369	0.046811035911584024	0.09922331886826843
6117	0.046811035911584024	0.09922331886826843
148581	0.046811035911584024	0.09922331886826843
7844	0.046811035911584024	0.09922331886826843
7415	0.046811035911584024	0.09922331886826843
25793	0.046811035911584024	0.09922331886826843
140739	0.046811035911584024	0.09922331886826843
6923	0.046811035911584024	0.09922331886826843
10413	0.046811035911584024	0.09922331886826843
9978	0.046811035911584024	0.09922331886826843
28985	0.046811035911584024	0.09922331886826843
51529	0.046811035911584024	0.09922331886826843
10533	0.046811035911584024	0.09922331886826843
84448	0.046811035911584024	0.09922331886826843
7316	0.046811035911584024	0.09922331886826843
5662	0.046811035911584024	0.09922331886826843
10425	0.046811035911584024	0.09922331886826843
89890	0.046811035911584024	0.09922331886826843
7317	0.046811035911584024	0.09922331886826843
9021	0.046811035911584024	0.09922331886826843
90933	0.046811035911584024	0.09922331886826843
140691	0.046811035911584024	0.09922331886826843
9063	0.046811035911584024	0.09922331886826843
414301	0.046811035911584024	0.09922331886826843
997	0.046811035911584024	0.09922331886826843
9354	0.046811035911584024	0.09922331886826843
154214	0.046811035911584024	0.09922331886826843
10401	0.046811035911584024	0.09922331886826843
22838	0.046811035911584024	0.09922331886826843
26235	0.046811035911584024	0.09922331886826843
6737	0.046811035911584024	0.09922331886826843
7157	0.046811035911584024	0.09922331886826843
7431	0.046811035911584024	0.09922331886826843
27338	0.046811035911584024	0.09922331886826843
51588	0.046811035911584024	0.09922331886826843
329	0.046811035911584024	0.09922331886826843
7327	0.046811035911584024	0.09922331886826843
284996	0.046811035911584024	0.09922331886826843
29978	0.046811035911584024	0.09922331886826843
10297	0.046811035911584024	0.09922331886826843
9604	0.046811035911584024	0.09922331886826843
26232	0.046811035911584024	0.09922331886826843
6500	0.046811035911584024	0.09922331886826843
57697	0.046811035911584024	0.09922331886826843
23376	0.046811035911584024	0.09922331886826843
55905	0.046811035911584024	0.09922331886826843
23586	0.046811035911584024	0.09922331886826843
84817	0.046811035911584024	0.09922331886826843
51433	0.046811035911584024	0.09922331886826843
90293	0.046811035911584024	0.09922331886826843
6478	0.046811035911584024	0.09922331886826843
150726	0.046811035911584024	0.09922331886826843
200845	0.046811035911584024	0.09922331886826843
23014	0.046811035911584024	0.09922331886826843
131405	0.046811035911584024	0.09922331886826843
868	0.046811035911584024	0.09922331886826843
27246	0.046811035911584024	0.09922331886826843
7320	0.046811035911584024	0.09922331886826843
25847	0.046811035911584024	0.09922331886826843
9246	0.046811035911584024	0.09922331886826843
100506742	0.046811035911584024	0.09922331886826843
23352	0.046811035911584024	0.09922331886826843
64410	0.046811035911584024	0.09922331886826843
11237	0.046811035911584024	0.09922331886826843
26224	0.046811035911584024	0.09922331886826843
10537	0.046811035911584024	0.09922331886826843
5717	0.046811035911584024	0.09922331886826843
8065	0.046811035911584024	0.09922331886826843
6624	0.046811035911584024	0.09922331886826843
6612	0.046811035911584024	0.09922331886826843
9666	0.046811035911584024	0.09922331886826843
164153	0.046811035911584024	0.09922331886826843
84078	0.046811035911584024	0.09922331886826843
55819	0.046811035911584024	0.09922331886826843
9817	0.046811035911584024	0.09922331886826843
2316	0.046811035911584024	0.09922331886826843
26091	0.046811035911584024	0.09922331886826843
285231	0.046811035911584024	0.09922331886826843
54620	0.046811035911584024	0.09922331886826843
54850	0.046811035911584024	0.09922331886826843
4591	0.046811035911584024	0.09922331886826843
8945	0.046811035911584024	0.09922331886826843
57448	0.046811035911584024	0.09922331886826843
80135	0.046811035911584024	0.09922331886826843
1350	0.046811035911584024	0.09922331886826843
9039	0.046811035911584024	0.09922331886826843
4790	0.046811035911584024	0.09922331886826843
891	0.046811035911584024	0.09922331886826843
57674	0.046811035911584024	0.09922331886826843
126433	0.046811035911584024	0.09922331886826843
57542	0.046811035911584024	0.09922331886826843
54461	0.046811035911584024	0.09922331886826843
84901	0.046811035911584024	0.09922331886826843
221687	0.046811035911584024	0.09922331886826843
84261	0.046811035911584024	0.09922331886826843
5905	0.046811035911584024	0.09922331886826843
4938	0.046811035911584024	0.09922331886826843
79876	0.046811035911584024	0.09922331886826843
23072	0.046811035911584024	0.09922331886826843
57630	0.046811035911584024	0.09922331886826843
8554	0.046811035911584024	0.09922331886826843
7321	0.046811035911584024	0.09922331886826843
11059	0.046811035911584024	0.09922331886826843
7204	0.046811035911584024	0.09922331886826843
7326	0.046811035911584024	0.09922331886826843
9636	0.046811035911584024	0.09922331886826843
27304	0.046811035911584024	0.09922331886826843
9111	0.046811035911584024	0.09922331886826843
4008	0.046811035911584024	0.09922331886826843
51444	0.046811035911584024	0.09922331886826843
90135	0.046811035911584024	0.09922331886826843
201456	0.046811035911584024	0.09922331886826843
144699	0.046811035911584024	0.09922331886826843
79754	0.046811035911584024	0.09922331886826843
55658	0.046811035911584024	0.09922331886826843
64422	0.046811035911584024	0.09922331886826843
9320	0.046811035911584024	0.09922331886826843
10422	0.046811035911584024	0.09922331886826843
92912	0.046811035911584024	0.09922331886826843
142689	0.046811035911584024	0.09922331886826843
26118	0.046811035911584024	0.09922331886826843
222235	0.046811035911584024	0.09922331886826843
55070	0.046811035911584024	0.09922331886826843
57484	0.046811035911584024	0.09922331886826843
127544	0.046811035911584024	0.09922331886826843
151636	0.046811035911584024	0.09922331886826843
122769	0.046811035911584024	0.09922331886826843
4193	0.046811035911584024	0.09922331886826843
63891	0.046811035911584024	0.09922331886826843
57154	0.046811035911584024	0.09922331886826843
142686	0.046811035911584024	0.09922331886826843
136371	0.046811035911584024	0.09922331886826843
2197	0.046811035911584024	0.09922331886826843
8139	0.046811035911584024	0.09922331886826843
7324	0.046811035911584024	0.09922331886826843
56852	0.046811035911584024	0.09922331886826843
9867	0.046811035911584024	0.09922331886826843
8924	0.046811035911584024	0.09922331886826843
7332	0.046811035911584024	0.09922331886826843
93550	0.046811035911584024	0.09922331886826843
6477	0.046811035911584024	0.09922331886826843
140456	0.046811035911584024	0.09922331886826843
64718	0.046811035911584024	0.09922331886826843
25831	0.046811035911584024	0.09922331886826843
9948	0.046811035911584024	0.09922331886826843
9423	0.046811035911584024	0.09922331886826843
9748	0.046811035911584024	0.09922331886826843
6921	0.046811035911584024	0.09922331886826843
7429	0.046811035911584024	0.09922331886826843
51088	0.046811035911584024	0.09922331886826843
84231	0.046811035911584024	0.09922331886826843
51434	0.046811035911584024	0.09922331886826843
56616	0.046811035911584024	0.09922331886826843
6722	0.046811035911584024	0.09922331886826843
143630	0.046811035911584024	0.09922331886826843
93343	0.046811035911584024	0.09922331886826843
64750	0.046811035911584024	0.09922331886826843
5930	0.046811035911584024	0.09922331886826843
8651	0.046811035911584024	0.09922331886826843
5693	0.046811035911584024	0.09922331886826843
10193	0.046811035911584024	0.09922331886826843
5696	0.046811035911584024	0.09922331886826843
118424	0.046811035911584024	0.09922331886826843
23194	0.046811035911584024	0.09922331886826843
331	0.046811035911584024	0.09922331886826843
80349	0.046811035911584024	0.09922331886826843
5111	0.046811035911584024	0.09922331886826843
23295	0.046811035911584024	0.09922331886826843
6015	0.046811035911584024	0.09922331886826843
25906	0.046811035911584024	0.09922331886826843
390594	0.046811035911584024	0.09922331886826843
57531	0.046811035911584024	0.09922331886826843
9820	0.046811035911584024	0.09922331886826843
64320	0.046811035911584024	0.09922331886826843
79791	0.046811035911584024	0.09922331886826843
51225	0.046811035911584024	0.09922331886826843
8451	0.046811035911584024	0.09922331886826843
25897	0.046811035911584024	0.09922331886826843
158506	0.046811035911584024	0.09922331886826843
22888	0.046811035911584024	0.09922331886826843
51676	0.046811035911584024	0.09922331886826843
51132	0.046811035911584024	0.09922331886826843
8881	0.046811035911584024	0.09922331886826843
6502	0.046811035911584024	0.09922331886826843
23666	0.046811035911584024	0.09922331886826843
100526767	0.046811035911584024	0.09922331886826843
5413	0.046811035911584024	0.09922331886826843
56658	0.046811035911584024	0.09922331886826843
51191	0.046811035911584024	0.09922331886826843
140461	0.046811035911584024	0.09922331886826843
7336	0.046811035911584024	0.09922331886826843
26268	0.046811035911584024	0.09922331886826843
142685	0.046811035911584024	0.09922331886826843
29116	0.046811035911584024	0.09922331886826843
5861	0.046811035911584024	0.09922331886826843
84937	0.046811035911584024	0.09922331886826843
10054	0.046811035911584024	0.09922331886826843
11275	0.046811035911584024	0.09922331886826843
11065	0.046811035911584024	0.09922331886826843
10489	0.046811035911584024	0.09922331886826843
91694	0.046811035911584024	0.09922331886826843
64844	0.046811035911584024	0.09922331886826843
140458	0.046811035911584024	0.09922331886826843
27342	0.046811035911584024	0.09922331886826843
57520	0.046811035911584024	0.09922331886826843
2697	0.046811035911584024	0.09922331886826843
23291	0.046811035911584024	0.09922331886826843
84954	0.046811035911584024	0.09922331886826843
140460	0.046811035911584024	0.09922331886826843
51619	0.046811035911584024	0.09922331886826843
157574	0.046811035911584024	0.09922331886826843
63893	0.046811035911584024	0.09922331886826843
10477	0.046811035911584024	0.09922331886826843
114907	0.046811035911584024	0.09922331886826843
54894	0.046811035911584024	0.09922331886826843
151112	0.046811035911584024	0.09922331886826843
6748	0.046811035911584024	0.09922331886826843
26249	0.046811035911584024	0.09922331886826843
197131	0.046811035911584024	0.09922331886826843
387082	0.046811035911584024	0.09922331886826843
26263	0.046811035911584024	0.09922331886826843
55336	0.046811035911584024	0.09922331886826843
9870	0.046811035911584024	0.09922331886826843
22885	0.046811035911584024	0.09922331886826843
7428	0.046811035911584024	0.09922331886826843
8916	0.046811035911584024	0.09922331886826843
7319	0.046811035911584024	0.09922331886826843
3064	0.046811035911584024	0.09922331886826843
84541	0.046811035911584024	0.09922331886826843
115290	0.046811035911584024	0.09922331886826843
7325	0.046811035911584024	0.09922331886826843
51666	0.046811035911584024	0.09922331886826843
84676	0.046811035911584024	0.09922331886826843
51343	0.046811035911584024	0.09922331886826843
79654	0.046811035911584024	0.09922331886826843
9543	0.046811035911584024	0.09922331886826843
6615	0.046811035911584024	0.09922331886826843
84085	0.046811035911584024	0.09922331886826843
11060	0.046811035911584024	0.09922331886826843
51667	0.046811035911584024	0.09922331886826843
26259	0.046811035911584024	0.09922331886826843
26046	0.046811035911584024	0.09922331886826843
89910	0.046811035911584024	0.09922331886826843
146330	0.046811035911584024	0.09922331886826843
127247	0.046811035911584024	0.09922331886826843
10075	0.046811035911584024	0.09922331886826843
23624	0.046811035911584024	0.09922331886826843
26267	0.046811035911584024	0.09922331886826843
7318	0.046811035911584024	0.09922331886826843
92591	0.046811035911584024	0.09922331886826843
29945	0.046811035911584024	0.09922331886826843
4850	0.046811035911584024	0.09922331886826843
142678	0.046811035911584024	0.09922331886826843
867	0.046811035911584024	0.09922331886826843
1630	0.046811035911584024	0.09922331886826843
90678	0.046811035911584024	0.09922331886826843
79845	0.046811035911584024	0.09922331886826843
285193	0.046811035911584024	0.09922331886826843
29843	0.046811035911584024	0.09922331886826843
6503	0.046811035911584024	0.09922331886826843
7328	0.046811035911584024	0.09922331886826843
1793	0.046811035911584024	0.09922331886826843
83737	0.046811035911584024	0.09922331886826843
23327	0.046811035911584024	0.09922331886826843
10324	0.046811035911584024	0.09922331886826843
55521	0.046811035911584024	0.09922331886826843
64981	0.04657748036747911	0.09872826132948752
54796	0.04613632199717887	0.09779315710042528
29086	0.0446567314958116	0.09465693340332705
5089	0.043490993525037415	0.09218596927834063
8340	0.043490993525037415	0.09218596927834063
9330	0.043490993525037415	0.09218596927834063
5431	0.043490993525037415	0.09218596927834063
8338	0.043490993525037415	0.09218596927834063
1959	0.043490993525037415	0.09218596927834063
5617	0.043490993525037415	0.09218596927834063
5440	0.043490993525037415	0.09218596927834063
8348	0.043490993525037415	0.09218596927834063
8341	0.043490993525037415	0.09218596927834063
255626	0.043490993525037415	0.09218596927834063
1290	0.043490993525037415	0.09218596927834063
8334	0.043490993525037415	0.09218596927834063
5090	0.043490993525037415	0.09218596927834063
3237	0.043490993525037415	0.09218596927834063
5432	0.043490993525037415	0.09218596927834063
5437	0.043490993525037415	0.09218596927834063
80714	0.043490993525037415	0.09218596927834063
3018	0.043490993525037415	0.09218596927834063
1123	0.043490993525037415	0.09218596927834063
8349	0.043490993525037415	0.09218596927834063
129049	0.043490993525037415	0.09218596927834063
1267	0.043490993525037415	0.09218596927834063
9218	0.043490993525037415	0.09218596927834063
8853	0.043490993525037415	0.09218596927834063
653604	0.043490993525037415	0.09218596927834063
94239	0.043490993525037415	0.09218596927834063
8342	0.043490993525037415	0.09218596927834063
5435	0.043490993525037415	0.09218596927834063
5439	0.043490993525037415	0.09218596927834063
8331	0.043490993525037415	0.09218596927834063
10651	0.043490993525037415	0.09218596927834063
474382	0.043490993525037415	0.09218596927834063
85236	0.043490993525037415	0.09218596927834063
5441	0.043490993525037415	0.09218596927834063
7421	0.043490993525037415	0.09218596927834063
5434	0.043490993525037415	0.09218596927834063
348801	0.043490993525037415	0.09218596927834063
8970	0.043490993525037415	0.09218596927834063
5950	0.043490993525037415	0.09218596927834063
3017	0.043490993525037415	0.09218596927834063
5436	0.043490993525037415	0.09218596927834063
137970	0.043490993525037415	0.09218596927834063
55766	0.043490993525037415	0.09218596927834063
128312	0.043490993525037415	0.09218596927834063
3013	0.043490993525037415	0.09218596927834063
8345	0.043490993525037415	0.09218596927834063
723790	0.043490993525037415	0.09218596927834063
3014	0.043490993525037415	0.09218596927834063
7412	0.043490993525037415	0.09218596927834063
4192	0.043490993525037415	0.09218596927834063
5438	0.043490993525037415	0.09218596927834063
3015	0.043490993525037415	0.09218596927834063
79915	0.03645554080134473	0.0772732258324551
11093	0.03623234361276507	0.07680012444980742
4609	0.036083545487045295	0.0764847235280423
153090	0.036083545487045295	0.0764847235280423
10298	0.03205977824159409	0.0679557189317501
92421	0.02505510773132256	0.05310822320615702
56942	0.02485015797482913	0.05267380011244613
25898	0.02485015797482913	0.05267380011244613
5430	0.02485015797482913	0.05267380011244613
5332	0.0	0.0
6591	0.0	0.0
11021	0.0	0.0
3205	0.0	0.0
81620	0.0	0.0
150297	0.0	0.0
1738	0.0	0.0
54962	0.0	0.0
3973	0.0	0.0
8001	0.0	0.0
2358	0.0	0.0
27092	0.0	0.0
8503	0.0	0.0
374659	0.0	0.0
23626	0.0	0.0
116028	0.0	0.0
23148	0.0	0.0
5810	0.0	0.0
9100	0.0	0.0
5764	0.0	0.0
10468	0.0	0.0
10802	0.0	0.0
112936	0.0	0.0
2730	0.0	0.0
2175	0.0	0.0
6164	0.0	0.0
64240	0.0	0.0
7991	0.0	0.0
1789	0.0	0.0
100130733	0.0	0.0
2642	0.0	0.0
6432	0.0	0.0
5884	0.0	0.0
90639	0.0	0.0
7360	0.0	0.0
412	0.0	0.0
3725	0.0	0.0
54331	0.0	0.0
4306	0.0	0.0
1994	0.0	0.0
54499	0.0	0.0
5525	0.0	0.0
10800	0.0	0.0
4507	0.0	0.0
3187	0.0	0.0
146760	0.0	0.0
3671	0.0	0.0
3067	0.0	0.0
2569	0.0	0.0
6833	0.0	0.0
5587	0.0	0.0
824	0.0	0.0
5261	0.0	0.0
2847	0.0	0.0
5020	0.0	0.0
376132	0.0	0.0
267020	0.0	0.0
83892	0.0	0.0
6934	0.0	0.0
155382	0.0	0.0
148	0.0	0.0
9723	0.0	0.0
10133	0.0	0.0
93210	0.0	0.0
63897	0.0	0.0
27315	0.0	0.0
5406	0.0	0.0
4986	0.0	0.0
3329	0.0	0.0
9985	0.0	0.0
2664	0.0	0.0
2147	0.0	0.0
7053	0.0	0.0
2130	0.0	0.0
5567	0.0	0.0
81033	0.0	0.0
23038	0.0	0.0
219527	0.0	0.0
3242	0.0	0.0
10555	0.0	0.0
84515	0.0	0.0
59345	0.0	0.0
55139	0.0	0.0
1600	0.0	0.0
6508	0.0	0.0
1024	0.0	0.0
27109	0.0	0.0
51569	0.0	0.0
55014	0.0	0.0
114659	0.0	0.0
94015	0.0	0.0
29911	0.0	0.0
9219	0.0	0.0
56270	0.0	0.0
51330	0.0	0.0
7184	0.0	0.0
8446	0.0	0.0
56850	0.0	0.0
26103	0.0	0.0
51606	0.0	0.0
145581	0.0	0.0
84549	0.0	0.0
35	0.0	0.0
1984	0.0	0.0
23198	0.0	0.0
79101	0.0	0.0
270	0.0	0.0
4287	0.0	0.0
9326	0.0	0.0
4355	0.0	0.0
5892	0.0	0.0
9097	0.0	0.0
8546	0.0	0.0
1839	0.0	0.0
10540	0.0	0.0
23378	0.0	0.0
7376	0.0	0.0
160428	0.0	0.0
6347	0.0	0.0
65123	0.0	0.0
133418	0.0	0.0
25822	0.0	0.0
115	0.0	0.0
51071	0.0	0.0
4998	0.0	0.0
23046	0.0	0.0
117579	0.0	0.0
6850	0.0	0.0
26254	0.0	0.0
6181	0.0	0.0
1409	0.0	0.0
84971	0.0	0.0
8437	0.0	0.0
1107	0.0	0.0
10663	0.0	0.0
10733	0.0	0.0
9776	0.0	0.0
2892	0.0	0.0
4736	0.0	0.0
11201	0.0	0.0
122042	0.0	0.0
3161	0.0	0.0
153020	0.0	0.0
797	0.0	0.0
51084	0.0	0.0
8792	0.0	0.0
65992	0.0	0.0
5213	0.0	0.0
10128	0.0	0.0
834	0.0	0.0
55293	0.0	0.0
116444	0.0	0.0
9603	0.0	0.0
5582	0.0	0.0
9656	0.0	0.0
9296	0.0	0.0
2286	0.0	0.0
6835	0.0	0.0
124359	0.0	0.0
5719	0.0	0.0
5586	0.0	0.0
4055	0.0	0.0
27339	0.0	0.0
710	0.0	0.0
90226	0.0	0.0
2495	0.0	0.0
81029	0.0	0.0
22986	0.0	0.0
253190	0.0	0.0
7006	0.0	0.0
79718	0.0	0.0
9829	0.0	0.0
9443	0.0	0.0
164312	0.0	0.0
3632	0.0	0.0
4794	0.0	0.0
10189	0.0	0.0
9946	0.0	0.0
51478	0.0	0.0
9556	0.0	0.0
64769	0.0	0.0
28977	0.0	0.0
359948	0.0	0.0
10554	0.0	0.0
55742	0.0	0.0
55732	0.0	0.0
348158	0.0	0.0
2214	0.0	0.0
389158	0.0	0.0
23028	0.0	0.0
6383	0.0	0.0
1026	0.0	0.0
81037	0.0	0.0
57121	0.0	0.0
387755	0.0	0.0
3482	0.0	0.0
441381	0.0	0.0
7148	0.0	0.0
2149	0.0	0.0
255520	0.0	0.0
2935	0.0	0.0
6249	0.0	0.0
9101	0.0	0.0
7529	0.0	0.0
51056	0.0	0.0
23559	0.0	0.0
2776	0.0	0.0
79577	0.0	0.0
63973	0.0	0.0
51079	0.0	0.0
90196	0.0	0.0
11331	0.0	0.0
5985	0.0	0.0
3787	0.0	0.0
1314	0.0	0.0
1111	0.0	0.0
23111	0.0	0.0
727851	0.0	0.0
6795	0.0	0.0
727857	0.0	0.0
53917	0.0	0.0
22796	0.0	0.0
6168	0.0	0.0
1592	0.0	0.0
3680	0.0	0.0
100529207	0.0	0.0
10015	0.0	0.0
8723	0.0	0.0
1121	0.0	0.0
6098	0.0	0.0
815	0.0	0.0
79810	0.0	0.0
1788	0.0	0.0
10016	0.0	0.0
6135	0.0	0.0
4088	0.0	0.0
22801	0.0	0.0
966	0.0	0.0
10085	0.0	0.0
7252	0.0	0.0
55529	0.0	0.0
6193	0.0	0.0
65082	0.0	0.0
2767	0.0	0.0
11258	0.0	0.0
4735	0.0	0.0
9718	0.0	0.0
9555	0.0	0.0
5296	0.0	0.0
10403	0.0	0.0
11004	0.0	0.0
54964	0.0	0.0
171023	0.0	0.0
8821	0.0	0.0
6011	0.0	0.0
134637	0.0	0.0
3748	0.0	0.0
7468	0.0	0.0
2798	0.0	0.0
221833	0.0	0.0
2833	0.0	0.0
8813	0.0	0.0
51773	0.0	0.0
6822	0.0	0.0
9498	0.0	0.0
356	0.0	0.0
1020	0.0	0.0
139411	0.0	0.0
1896	0.0	0.0
246175	0.0	0.0
79924	0.0	0.0
64130	0.0	0.0
55723	0.0	0.0
3615	0.0	0.0
51292	0.0	0.0
8204	0.0	0.0
114987	0.0	0.0
6182	0.0	0.0
57467	0.0	0.0
205428	0.0	0.0
2737	0.0	0.0
26503	0.0	0.0
390110	0.0	0.0
4074	0.0	0.0
4843	0.0	0.0
1807	0.0	0.0
3684	0.0	0.0
64398	0.0	0.0
84504	0.0	0.0
27019	0.0	0.0
1894	0.0	0.0
22894	0.0	0.0
83483	0.0	0.0
155184	0.0	0.0
64577	0.0	0.0
23423	0.0	0.0
57521	0.0	0.0
10874	0.0	0.0
55272	0.0	0.0
440275	0.0	0.0
57178	0.0	0.0
2308	0.0	0.0
55432	0.0	0.0
7398	0.0	0.0
79923	0.0	0.0
2820	0.0	0.0
4706	0.0	0.0
2934	0.0	0.0
80119	0.0	0.0
3673	0.0	0.0
26206	0.0	0.0
5883	0.0	0.0
1816	0.0	0.0
4756	0.0	0.0
80070	0.0	0.0
8449	0.0	0.0
9584	0.0	0.0
22872	0.0	0.0
5583	0.0	0.0
100302736	0.0	0.0
7270	0.0	0.0
5689	0.0	0.0
130271	0.0	0.0
2253	0.0	0.0
4302	0.0	0.0
100885850	0.0	0.0
84679	0.0	0.0
55907	0.0	0.0
83540	0.0	0.0
302	0.0	0.0
51466	0.0	0.0
1472	0.0	0.0
2784	0.0	0.0
587	0.0	0.0
11326	0.0	0.0
84126	0.0	0.0
54443	0.0	0.0
285190	0.0	0.0
6865	0.0	0.0
6776	0.0	0.0
170692	0.0	0.0
55930	0.0	0.0
84649	0.0	0.0
60528	0.0	0.0
1739	0.0	0.0
23503	0.0	0.0
339896	0.0	0.0
4763	0.0	0.0
7265	0.0	0.0
54815	0.0	0.0
6932	0.0	0.0
8660	0.0	0.0
5902	0.0	0.0
57088	0.0	0.0
57719	0.0	0.0
1551	0.0	0.0
173	0.0	0.0
26986	0.0	0.0
1393	0.0	0.0
23518	0.0	0.0
23646	0.0	0.0
1259	0.0	0.0
23512	0.0	0.0
367	0.0	0.0
9600	0.0	0.0
2146	0.0	0.0
29969	0.0	0.0
2288	0.0	0.0
3182	0.0	0.0
9131	0.0	0.0
2027	0.0	0.0
2691	0.0	0.0
8518	0.0	0.0
59352	0.0	0.0
23197	0.0	0.0
57403	0.0	0.0
7416	0.0	0.0
4077	0.0	0.0
8411	0.0	0.0
22893	0.0	0.0
54897	0.0	0.0
6774	0.0	0.0
9363	0.0	0.0
5469	0.0	0.0
7471	0.0	0.0
7301	0.0	0.0
1213	0.0	0.0
5836	0.0	0.0
1964	0.0	0.0
27334	0.0	0.0
26086	0.0	0.0
64922	0.0	0.0
4817	0.0	0.0
7040	0.0	0.0
255252	0.0	0.0
2559	0.0	0.0
80204	0.0	0.0
4173	0.0	0.0
9114	0.0	0.0
10309	0.0	0.0
1616	0.0	0.0
84617	0.0	0.0
283464	0.0	0.0
54102	0.0	0.0
285	0.0	0.0
9188	0.0	0.0
50813	0.0	0.0
5149	0.0	0.0
116844	0.0	0.0
6222	0.0	0.0
5901	0.0	0.0
80731	0.0	0.0
26227	0.0	0.0
6133	0.0	0.0
4217	0.0	0.0
4256	0.0	0.0
2731	0.0	0.0
4869	0.0	0.0
8932	0.0	0.0
6637	0.0	0.0
3068	0.0	0.0
8517	0.0	0.0
641	0.0	0.0
285313	0.0	0.0
115861	0.0	0.0
3235	0.0	0.0
3743	0.0	0.0
1187	0.0	0.0
2938	0.0	0.0
51373	0.0	0.0
2073	0.0	0.0
23746	0.0	0.0
84340	0.0	0.0
80254	0.0	0.0
29101	0.0	0.0
10014	0.0	0.0
55755	0.0	0.0
8661	0.0	0.0
10652	0.0	0.0
91949	0.0	0.0
2960	0.0	0.0
29968	0.0	0.0
51008	0.0	0.0
6572	0.0	0.0
3553	0.0	0.0
3294	0.0	0.0
11128	0.0	0.0
8850	0.0	0.0
10512	0.0	0.0
8676	0.0	0.0
799	0.0	0.0
4852	0.0	0.0
5711	0.0	0.0
8493	0.0	0.0
57449	0.0	0.0
9341	0.0	0.0
29093	0.0	0.0
10574	0.0	0.0
5915	0.0	0.0
285195	0.0	0.0
2348	0.0	0.0
23404	0.0	0.0
9093	0.0	0.0
218	0.0	0.0
3708	0.0	0.0
7162	0.0	0.0
5660	0.0	0.0
9325	0.0	0.0
4853	0.0	0.0
84134	0.0	0.0
60678	0.0	0.0
10112	0.0	0.0
5605	0.0	0.0
25878	0.0	0.0
643	0.0	0.0
4793	0.0	0.0
11152	0.0	0.0
200894	0.0	0.0
84823	0.0	0.0
9588	0.0	0.0
57101	0.0	0.0
56262	0.0	0.0
1230	0.0	0.0
136332	0.0	0.0
2794	0.0	0.0
9025	0.0	0.0
83547	0.0	0.0
5348	0.0	0.0
7475	0.0	0.0
8815	0.0	0.0
4313	0.0	0.0
29982	0.0	0.0
84634	0.0	0.0
5588	0.0	0.0
1642	0.0	0.0
81929	0.0	0.0
5255	0.0	0.0
23265	0.0	0.0
5788	0.0	0.0
1783	0.0	0.0
11016	0.0	0.0
2950	0.0	0.0
415117	0.0	0.0
3362	0.0	0.0
219	0.0	0.0
3728	0.0	0.0
2814	0.0	0.0
6727	0.0	0.0
4792	0.0	0.0
22976	0.0	0.0
10959	0.0	0.0
3310	0.0	0.0
6343	0.0	0.0
6888	0.0	0.0
594	0.0	0.0
53349	0.0	0.0
5727	0.0	0.0
4129	0.0	0.0
3742	0.0	0.0
1745	0.0	0.0
6821	0.0	0.0
124739	0.0	0.0
5031	0.0	0.0
23236	0.0	0.0
55215	0.0	0.0
10728	0.0	0.0
9197	0.0	0.0
2091	0.0	0.0
25932	0.0	0.0
3135	0.0	0.0
6456	0.0	0.0
10762	0.0	0.0
30851	0.0	0.0
84154	0.0	0.0
6991	0.0	0.0
408	0.0	0.0
989	0.0	0.0
25902	0.0	0.0
441282	0.0	0.0
7272	0.0	0.0
10201	0.0	0.0
9508	0.0	0.0
1007	0.0	0.0
3304	0.0	0.0
5331	0.0	0.0
5798	0.0	0.0
3360	0.0	0.0
121227	0.0	0.0
79414	0.0	0.0
29933	0.0	0.0
338707	0.0	0.0
5599	0.0	0.0
9884	0.0	0.0
55679	0.0	0.0
2635	0.0	0.0
54504	0.0	0.0
80063	0.0	0.0
1109	0.0	0.0
22	0.0	0.0
64951	0.0	0.0
2074	0.0	0.0
25942	0.0	0.0
57104	0.0	0.0
23341	0.0	0.0
54903	0.0	0.0
7347	0.0	0.0
64601	0.0	0.0
26519	0.0	0.0
51650	0.0	0.0
4154	0.0	0.0
9515	0.0	0.0
699	0.0	0.0
59284	0.0	0.0
55763	0.0	0.0
5316	0.0	0.0
205860	0.0	0.0
23408	0.0	0.0
1912	0.0	0.0
5744	0.0	0.0
11335	0.0	0.0
55635	0.0	0.0
2065	0.0	0.0
53335	0.0	0.0
55352	0.0	0.0
286	0.0	0.0
1519	0.0	0.0
3753	0.0	0.0
25999	0.0	0.0
22924	0.0	0.0
8694	0.0	0.0
10606	0.0	0.0
10460	0.0	0.0
7533	0.0	0.0
1200	0.0	0.0
5972	0.0	0.0
1968	0.0	0.0
80700	0.0	0.0
84870	0.0	0.0
56833	0.0	0.0
3356	0.0	0.0
64976	0.0	0.0
23640	0.0	0.0
886	0.0	0.0
6231	0.0	0.0
6147	0.0	0.0
51227	0.0	0.0
4050	0.0	0.0
6234	0.0	0.0
2078	0.0	0.0
55851	0.0	0.0
23683	0.0	0.0
6506	0.0	0.0
148345	0.0	0.0
3101	0.0	0.0
2280	0.0	0.0
10926	0.0	0.0
54674	0.0	0.0
1952	0.0	0.0
1548	0.0	0.0
57026	0.0	0.0
5688	0.0	0.0
1812	0.0	0.0
6846	0.0	0.0
5989	0.0	0.0
55055	0.0	0.0
63931	0.0	0.0
55147	0.0	0.0
54988	0.0	0.0
5018	0.0	0.0
131096	0.0	0.0
1508	0.0	0.0
10446	0.0	0.0
7469	0.0	0.0
64321	0.0	0.0
54539	0.0	0.0
7078	0.0	0.0
91748	0.0	0.0
7086	0.0	0.0
23049	0.0	0.0
389058	0.0	0.0
23283	0.0	0.0
116832	0.0	0.0
2790	0.0	0.0
5427	0.0	0.0
124751	0.0	0.0
84733	0.0	0.0
2177	0.0	0.0
7483	0.0	0.0
6203	0.0	0.0
7257	0.0	0.0
9454	0.0	0.0
4897	0.0	0.0
8312	0.0	0.0
57633	0.0	0.0
58533	0.0	0.0
904	0.0	0.0
29929	0.0	0.0
5816	0.0	0.0
4974	0.0	0.0
63923	0.0	0.0
6844	0.0	0.0
3008	0.0	0.0
89953	0.0	0.0
55062	0.0	0.0
1410	0.0	0.0
1763	0.0	0.0
713	0.0	0.0
6814	0.0	0.0
5091	0.0	0.0
23309	0.0	0.0
10465	0.0	0.0
11132	0.0	0.0
9897	0.0	0.0
4988	0.0	0.0
54862	0.0	0.0
7795	0.0	0.0
6130	0.0	0.0
26133	0.0	0.0
1741	0.0	0.0
6132	0.0	0.0
9646	0.0	0.0
8650	0.0	0.0
6470	0.0	0.0
1791	0.0	0.0
115201	0.0	0.0
22995	0.0	0.0
8833	0.0	0.0
79728	0.0	0.0
1212	0.0	0.0
9842	0.0	0.0
7920	0.0	0.0
3195	0.0	0.0
254263	0.0	0.0
54517	0.0	0.0
9091	0.0	0.0
80168	0.0	0.0
5781	0.0	0.0
10139	0.0	0.0
255743	0.0	0.0
4617	0.0	0.0
10365	0.0	0.0
6299	0.0	0.0
80221	0.0	0.0
4726	0.0	0.0
51332	0.0	0.0
2800	0.0	0.0
64787	0.0	0.0
3485	0.0	0.0
8615	0.0	0.0
11231	0.0	0.0
2247	0.0	0.0
51362	0.0	0.0
10667	0.0	0.0
143098	0.0	0.0
2742	0.0	0.0
7531	0.0	0.0
50619	0.0	0.0
10999	0.0	0.0
129642	0.0	0.0
64216	0.0	0.0
116285	0.0	0.0
51199	0.0	0.0
1969	0.0	0.0
65008	0.0	0.0
90390	0.0	0.0
2152	0.0	0.0
4700	0.0	0.0
8668	0.0	0.0
340654	0.0	0.0
2099	0.0	0.0
126917	0.0	0.0
83461	0.0	0.0
23552	0.0	0.0
7099	0.0	0.0
54205	0.0	0.0
9709	0.0	0.0
79753	0.0	0.0
347734	0.0	0.0
7048	0.0	0.0
595	0.0	0.0
9332	0.0	0.0
51061	0.0	0.0
1069	0.0	0.0
54507	0.0	0.0
2688	0.0	0.0
23114	0.0	0.0
8500	0.0	0.0
23245	0.0	0.0
80174	0.0	0.0
5551	0.0	0.0
54979	0.0	0.0
79748	0.0	0.0
2967	0.0	0.0
388403	0.0	0.0
347148	0.0	0.0
9014	0.0	0.0
79003	0.0	0.0
7203	0.0	0.0
211	0.0	0.0
22983	0.0	0.0
64969	0.0	0.0
9901	0.0	0.0
10570	0.0	0.0
30833	0.0	0.0
338322	0.0	0.0
56992	0.0	0.0
6504	0.0	0.0
9349	0.0	0.0
8992	0.0	0.0
513	0.0	0.0
340784	0.0	0.0
139562	0.0	0.0
80351	0.0	0.0
655	0.0	0.0
9184	0.0	0.0
220	0.0	0.0
81502	0.0	0.0
10592	0.0	0.0
6652	0.0	0.0
29085	0.0	0.0
3988	0.0	0.0
80326	0.0	0.0
90480	0.0	0.0
51272	0.0	0.0
5947	0.0	0.0
115426	0.0	0.0
786	0.0	0.0
283358	0.0	0.0
2766	0.0	0.0
6916	0.0	0.0
150684	0.0	0.0
2861	0.0	0.0
284076	0.0	0.0
55692	0.0	0.0
26019	0.0	0.0
89869	0.0	0.0
137492	0.0	0.0
3694	0.0	0.0
7476	0.0	0.0
3613	0.0	0.0
26275	0.0	0.0
5145	0.0	0.0
8876	0.0	0.0
8549	0.0	0.0
9527	0.0	0.0
1810	0.0	0.0
100113407	0.0	0.0
1996	0.0	0.0
2562	0.0	0.0
1081	0.0	0.0
158158	0.0	0.0
675	0.0	0.0
64801	0.0	0.0
1019	0.0	0.0
28989	0.0	0.0
113622	0.0	0.0
22926	0.0	0.0
8464	0.0	0.0
51133	0.0	0.0
175	0.0	0.0
495	0.0	0.0
645121	0.0	0.0
23389	0.0	0.0
135112	0.0	0.0
55112	0.0	0.0
1119	0.0	0.0
9866	0.0	0.0
10166	0.0	0.0
5591	0.0	0.0
1737	0.0	0.0
6742	0.0	0.0
9941	0.0	0.0
821	0.0	0.0
7462	0.0	0.0
145957	0.0	0.0
10989	0.0	0.0
4026	0.0	0.0
8721	0.0	0.0
80339	0.0	0.0
79629	0.0	0.0
57060	0.0	0.0
2045	0.0	0.0
54498	0.0	0.0
2066	0.0	0.0
6209	0.0	0.0
9070	0.0	0.0
2475	0.0	0.0
57555	0.0	0.0
10946	0.0	0.0
83729	0.0	0.0
5305	0.0	0.0
196883	0.0	0.0
6262	0.0	0.0
51263	0.0	0.0
4833	0.0	0.0
10101	0.0	0.0
51182	0.0	0.0
3910	0.0	0.0
5476	0.0	0.0
7879	0.0	0.0
8941	0.0	0.0
54998	0.0	0.0
653275	0.0	0.0
23054	0.0	0.0
56853	0.0	0.0
3006	0.0	0.0
3682	0.0	0.0
10948	0.0	0.0
9112	0.0	0.0
90381	0.0	0.0
594855	0.0	0.0
1499	0.0	0.0
3747	0.0	0.0
29922	0.0	0.0
728340	0.0	0.0
79954	0.0	0.0
1175	0.0	0.0
10428	0.0	0.0
5729	0.0	0.0
2811	0.0	0.0
22887	0.0	0.0
11267	0.0	0.0
114794	0.0	0.0
84680	0.0	0.0
7479	0.0	0.0
79801	0.0	0.0
661	0.0	0.0
1870	0.0	0.0
7857	0.0	0.0
116255	0.0	0.0
223	0.0	0.0
203547	0.0	0.0
9928	0.0	0.0
3030	0.0	0.0
137886	0.0	0.0
32	0.0	0.0
501	0.0	0.0
56903	0.0	0.0
1436	0.0	0.0
9727	0.0	0.0
129521	0.0	0.0
7161	0.0	0.0
51318	0.0	0.0
8407	0.0	0.0
59283	0.0	0.0
27	0.0	0.0
51013	0.0	0.0
1263	0.0	0.0
3659	0.0	0.0
6273	0.0	0.0
5216	0.0	0.0
116064	0.0	0.0
2041	0.0	0.0
92106	0.0	0.0
51633	0.0	0.0
23136	0.0	0.0
8445	0.0	0.0
22974	0.0	0.0
5229	0.0	0.0
3549	0.0	0.0
10558	0.0	0.0
2571	0.0	0.0
57787	0.0	0.0
79935	0.0	0.0
7143	0.0	0.0
10450	0.0	0.0
4092	0.0	0.0
7220	0.0	0.0
10036	0.0	0.0
10886	0.0	0.0
3596	0.0	0.0
26038	0.0	0.0
22955	0.0	0.0
26031	0.0	0.0
2978	0.0	0.0
339977	0.0	0.0
2290	0.0	0.0
9087	0.0	0.0
6396	0.0	0.0
1736	0.0	0.0
9031	0.0	0.0
23135	0.0	0.0
10190	0.0	0.0
1101	0.0	0.0
146909	0.0	0.0
57805	0.0	0.0
55437	0.0	0.0
23047	0.0	0.0
6783	0.0	0.0
94234	0.0	0.0
11171	0.0	0.0
10244	0.0	0.0
10623	0.0	0.0
79595	0.0	0.0
2048	0.0	0.0
9462	0.0	0.0
60684	0.0	0.0
51593	0.0	0.0
2810	0.0	0.0
3481	0.0	0.0
596	0.0	0.0
7287	0.0	0.0
65061	0.0	0.0
6709	0.0	0.0
25956	0.0	0.0
54475	0.0	0.0
51172	0.0	0.0
58512	0.0	0.0
2248	0.0	0.0
55601	0.0	0.0
2249	0.0	0.0
91663	0.0	0.0
653509	0.0	0.0
27043	0.0	0.0
5705	0.0	0.0
344657	0.0	0.0
24137	0.0	0.0
64651	0.0	0.0
55110	0.0	0.0
5576	0.0	0.0
1392	0.0	0.0
2735	0.0	0.0
4715	0.0	0.0
4719	0.0	0.0
10618	0.0	0.0
859	0.0	0.0
729238	0.0	0.0
130399	0.0	0.0
9126	0.0	0.0
3483	0.0	0.0
958	0.0	0.0
51021	0.0	0.0
54714	0.0	0.0
84312	0.0	0.0
10479	0.0	0.0
126328	0.0	0.0
22798	0.0	0.0
728689	0.0	0.0
5716	0.0	0.0
93107	0.0	0.0
9228	0.0	0.0
8761	0.0	0.0
5728	0.0	0.0
54928	0.0	0.0
4883	0.0	0.0
53632	0.0	0.0
29927	0.0	0.0
7979	0.0	0.0
6457	0.0	0.0
9519	0.0	0.0
79875	0.0	0.0
8061	0.0	0.0
83933	0.0	0.0
59350	0.0	0.0
2864	0.0	0.0
64359	0.0	0.0
10629	0.0	0.0
4908	0.0	0.0
54805	0.0	0.0
5048	0.0	0.0
4158	0.0	0.0
3551	0.0	0.0
144245	0.0	0.0
23395	0.0	0.0
3381	0.0	0.0
23523	0.0	0.0
30011	0.0	0.0
627	0.0	0.0
84630	0.0	0.0
50999	0.0	0.0
3815	0.0	0.0
339745	0.0	0.0
817	0.0	0.0
1647	0.0	0.0
1058	0.0	0.0
5333	0.0	0.0
6924	0.0	0.0
643418	0.0	0.0
23196	0.0	0.0
64210	0.0	0.0
192670	0.0	0.0
200162	0.0	0.0
60492	0.0	0.0
389840	0.0	0.0
7478	0.0	0.0
5832	0.0	0.0
6157	0.0	0.0
7077	0.0	0.0
51322	0.0	0.0
10058	0.0	0.0
7095	0.0	0.0
2150	0.0	0.0
9221	0.0	0.0
1725	0.0	0.0
23451	0.0	0.0
125997	0.0	0.0
165324	0.0	0.0
1875	0.0	0.0
3670	0.0	0.0
10721	0.0	0.0
55332	0.0	0.0
6281	0.0	0.0
346562	0.0	0.0
7405	0.0	0.0
84148	0.0	0.0
27258	0.0	0.0
9662	0.0	0.0
5527	0.0	0.0
89780	0.0	0.0
23620	0.0	0.0
57282	0.0	0.0
27154	0.0	0.0
10316	0.0	0.0
26354	0.0	0.0
1993	0.0	0.0
127435	0.0	0.0
729857	0.0	0.0
4648	0.0	0.0
7253	0.0	0.0
150274	0.0	0.0
8036	0.0	0.0
5629	0.0	0.0
4140	0.0	0.0
348235	0.0	0.0
10410	0.0	0.0
9497	0.0	0.0
27445	0.0	0.0
4917	0.0	0.0
1262	0.0	0.0
64840	0.0	0.0
5108	0.0	0.0
113115	0.0	0.0
9564	0.0	0.0
259	0.0	0.0
23673	0.0	0.0
56344	0.0	0.0
643246	0.0	0.0
165918	0.0	0.0
1063	0.0	0.0
406	0.0	0.0
26165	0.0	0.0
6651	0.0	0.0
4176	0.0	0.0
5253	0.0	0.0
2741	0.0	0.0
142684	0.0	0.0
122945	0.0	0.0
79723	0.0	0.0
4488	0.0	0.0
47	0.0	0.0
4923	0.0	0.0
100188893	0.0	0.0
51296	0.0	0.0
79023	0.0	0.0
11080	0.0	0.0
10480	0.0	0.0
51548	0.0	0.0
7516	0.0	0.0
54892	0.0	0.0
10218	0.0	0.0
2564	0.0	0.0
388743	0.0	0.0
157313	0.0	0.0
23035	0.0	0.0
11315	0.0	0.0
349667	0.0	0.0
84105	0.0	0.0
128308	0.0	0.0
55703	0.0	0.0
11211	0.0	0.0
3679	0.0	0.0
4628	0.0	0.0
54734	0.0	0.0
9757	0.0	0.0
84678	0.0	0.0
6188	0.0	0.0
5283	0.0	0.0
8408	0.0	0.0
7419	0.0	0.0
6521	0.0	0.0
3454	0.0	0.0
7044	0.0	0.0
4257	0.0	0.0
10131	0.0	0.0
167153	0.0	0.0
22978	0.0	0.0
4708	0.0	0.0
892	0.0	0.0
83752	0.0	0.0
100124696	0.0	0.0
440689	0.0	0.0
113278	0.0	0.0
57680	0.0	0.0
57690	0.0	0.0
9045	0.0	0.0
84553	0.0	0.0
57705	0.0	0.0
55902	0.0	0.0
51100	0.0	0.0
4254	0.0	0.0
5257	0.0	0.0
57689	0.0	0.0
170690	0.0	0.0
26271	0.0	0.0
1287	0.0	0.0
100529261	0.0	0.0
3622	0.0	0.0
2782	0.0	0.0
6204	0.0	0.0
51393	0.0	0.0
8323	0.0	0.0
51365	0.0	0.0
8111	0.0	0.0
23390	0.0	0.0
84109	0.0	0.0
5119	0.0	0.0
51196	0.0	0.0
3720	0.0	0.0
5890	0.0	0.0
1874	0.0	0.0
6843	0.0	0.0
635	0.0	0.0
2986	0.0	0.0
80144	0.0	0.0
261734	0.0	0.0
6810	0.0	0.0
10765	0.0	0.0
23649	0.0	0.0
25805	0.0	0.0
6422	0.0	0.0
8863	0.0	0.0
51807	0.0	0.0
79831	0.0	0.0
652	0.0	0.0
6576	0.0	0.0
405	0.0	0.0
5922	0.0	0.0
1415	0.0	0.0
401541	0.0	0.0
83758	0.0	0.0
55967	0.0	0.0
51455	0.0	0.0
27013	0.0	0.0
7976	0.0	0.0
54623	0.0	0.0
686	0.0	0.0
27327	0.0	0.0
11130	0.0	0.0
55364	0.0	0.0
1130	0.0	0.0
144453	0.0	0.0
112714	0.0	0.0
8749	0.0	0.0
79659	0.0	0.0
574537	0.0	0.0
151556	0.0	0.0
11095	0.0	0.0
5199	0.0	0.0
60559	0.0	0.0
50944	0.0	0.0
10933	0.0	0.0
1108	0.0	0.0
900	0.0	0.0
55811	0.0	0.0
23450	0.0	0.0
55677	0.0	0.0
1911	0.0	0.0
440854	0.0	0.0
51703	0.0	0.0
7090	0.0	0.0
10658	0.0	0.0
55655	0.0	0.0
4739	0.0	0.0
6124	0.0	0.0
51065	0.0	0.0
1719	0.0	0.0
3055	0.0	0.0
8290	0.0	0.0
219771	0.0	0.0
203062	0.0	0.0
1352	0.0	0.0
10445	0.0	0.0
823	0.0	0.0
5948	0.0	0.0
2356	0.0	0.0
2335	0.0	0.0
5351	0.0	0.0
2081	0.0	0.0
25855	0.0	0.0
27125	0.0	0.0
246721	0.0	0.0
10615	0.0	0.0
55148	0.0	0.0
8621	0.0	0.0
10294	0.0	0.0
5341	0.0	0.0
55869	0.0	0.0
64708	0.0	0.0
22877	0.0	0.0
7205	0.0	0.0
3251	0.0	0.0
140801	0.0	0.0
131873	0.0	0.0
1975	0.0	0.0
1173	0.0	0.0
3398	0.0	0.0
3745	0.0	0.0
3024	0.0	0.0
55275	0.0	0.0
27243	0.0	0.0
81794	0.0	0.0
2125	0.0	0.0
27180	0.0	0.0
287	0.0	0.0
55350	0.0	0.0
25836	0.0	0.0
22999	0.0	0.0
114881	0.0	0.0
51684	0.0	0.0
55327	0.0	0.0
3313	0.0	0.0
7356	0.0	0.0
527	0.0	0.0
9652	0.0	0.0
7458	0.0	0.0
1193	0.0	0.0
63874	0.0	0.0
8667	0.0	0.0
4716	0.0	0.0
1370	0.0	0.0
2840	0.0	0.0
7268	0.0	0.0
26060	0.0	0.0
79861	0.0	0.0
2906	0.0	0.0
401258	0.0	0.0
5327	0.0	0.0
5536	0.0	0.0
10966	0.0	0.0
57818	0.0	0.0
1780	0.0	0.0
23431	0.0	0.0
5078	0.0	0.0
26011	0.0	0.0
4860	0.0	0.0
157869	0.0	0.0
6128	0.0	0.0
56203	0.0	0.0
63939	0.0	0.0
51661	0.0	0.0
54881	0.0	0.0
136	0.0	0.0
59349	0.0	0.0
113	0.0	0.0
4437	0.0	0.0
54760	0.0	0.0
1355	0.0	0.0
84532	0.0	0.0
999	0.0	0.0
5531	0.0	0.0
149041	0.0	0.0
5664	0.0	0.0
5770	0.0	0.0
51686	0.0	0.0
2572	0.0	0.0
3920	0.0	0.0
9134	0.0	0.0
11276	0.0	0.0
64963	0.0	0.0
3298	0.0	0.0
9150	0.0	0.0
54617	0.0	0.0
79882	0.0	0.0
8369	0.0	0.0
5557	0.0	0.0
5479	0.0	0.0
10250	0.0	0.0
201475	0.0	0.0
984	0.0	0.0
84661	0.0	0.0
10018	0.0	0.0
81562	0.0	0.0
320	0.0	0.0
643414	0.0	0.0
729993	0.0	0.0
7364	0.0	0.0
6730	0.0	0.0
54663	0.0	0.0
196	0.0	0.0
2353	0.0	0.0
3577	0.0	0.0
8886	0.0	0.0
79170	0.0	0.0
51141	0.0	0.0
51258	0.0	0.0
6636	0.0	0.0
4669	0.0	0.0
23766	0.0	0.0
22936	0.0	0.0
255275	0.0	0.0
57017	0.0	0.0
6238	0.0	0.0
282808	0.0	0.0
10051	0.0	0.0
55777	0.0	0.0
2719	0.0	0.0
10726	0.0	0.0
1974	0.0	0.0
64978	0.0	0.0
4023	0.0	0.0
5701	0.0	0.0
7517	0.0	0.0
22821	0.0	0.0
8243	0.0	0.0
9360	0.0	0.0
2803	0.0	0.0
5290	0.0	0.0
11178	0.0	0.0
319100	0.0	0.0
27175	0.0	0.0
3744	0.0	0.0
1060	0.0	0.0
537	0.0	0.0
5519	0.0	0.0
1448	0.0	0.0
53343	0.0	0.0
1029	0.0	0.0
3737	0.0	0.0
2296	0.0	0.0
26277	0.0	0.0
23416	0.0	0.0
4929	0.0	0.0
64983	0.0	0.0
54069	0.0	0.0
80198	0.0	0.0
25788	0.0	0.0
10188	0.0	0.0
1315	0.0	0.0
6586	0.0	0.0
84313	0.0	0.0
285849	0.0	0.0
91319	0.0	0.0
2054	0.0	0.0
6301	0.0	0.0
23566	0.0	0.0
2312	0.0	0.0
7069	0.0	0.0
25976	0.0	0.0
94120	0.0	0.0
64326	0.0	0.0
56896	0.0	0.0
126133	0.0	0.0
9567	0.0	0.0
83637	0.0	0.0
7280	0.0	0.0
4825	0.0	0.0
10243	0.0	0.0
5141	0.0	0.0
8239	0.0	0.0
1854	0.0	0.0
29113	0.0	0.0
9821	0.0	0.0
9379	0.0	0.0
4298	0.0	0.0
171568	0.0	0.0
7593	0.0	0.0
10083	0.0	0.0
79871	0.0	0.0
1237	0.0	0.0
5308	0.0	0.0
54829	0.0	0.0
8535	0.0	0.0
3788	0.0	0.0
5683	0.0	0.0
55704	0.0	0.0
3800	0.0	0.0
2802	0.0	0.0
64900	0.0	0.0
8089	0.0	0.0
1351	0.0	0.0
114112	0.0	0.0
4846	0.0	0.0
283629	0.0	0.0
6755	0.0	0.0
57050	0.0	0.0
9479	0.0	0.0
6280	0.0	0.0
64101	0.0	0.0
5686	0.0	0.0
8498	0.0	0.0
6138	0.0	0.0
5162	0.0	0.0
26985	0.0	0.0
23192	0.0	0.0
56943	0.0	0.0
553	0.0	0.0
8438	0.0	0.0
10268	0.0	0.0
2695	0.0	0.0
3784	0.0	0.0
123876	0.0	0.0
7739	0.0	0.0
126206	0.0	0.0
345193	0.0	0.0
85443	0.0	0.0
2241	0.0	0.0
83660	0.0	0.0
11047	0.0	0.0
51035	0.0	0.0
567	0.0	0.0
51102	0.0	0.0
6736	0.0	0.0
30834	0.0	0.0
10282	0.0	0.0
5075	0.0	0.0
283337	0.0	0.0
10617	0.0	0.0
90411	0.0	0.0
162540	0.0	0.0
7026	0.0	0.0
1453	0.0	0.0
6375	0.0	0.0
64979	0.0	0.0
23143	0.0	0.0
10234	0.0	0.0
2846	0.0	0.0
221830	0.0	0.0
1761	0.0	0.0
9841	0.0	0.0
4709	0.0	0.0
84310	0.0	0.0
8831	0.0	0.0
7480	0.0	0.0
224	0.0	0.0
155066	0.0	0.0
6137	0.0	0.0
8726	0.0	0.0
6141	0.0	0.0
7408	0.0	0.0
55603	0.0	0.0
5692	0.0	0.0
668	0.0	0.0
8027	0.0	0.0
1781	0.0	0.0
116443	0.0	0.0
3619	0.0	0.0
54474	0.0	0.0
5698	0.0	0.0
7042	0.0	0.0
5870	0.0	0.0
6173	0.0	0.0
23019	0.0	0.0
285755	0.0	0.0
100144878	0.0	0.0
65993	0.0	0.0
85363	0.0	0.0
474170	0.0	0.0
7056	0.0	0.0
1660	0.0	0.0
6296	0.0	0.0
2968	0.0	0.0
221322	0.0	0.0
871	0.0	0.0
5684	0.0	0.0
5292	0.0	0.0
1769	0.0	0.0
528	0.0	0.0
5127	0.0	0.0
4285	0.0	0.0
8556	0.0	0.0
5281	0.0	0.0
11140	0.0	0.0
947	0.0	0.0
1583	0.0	0.0
2893	0.0	0.0
29072	0.0	0.0
93649	0.0	0.0
1965	0.0	0.0
4155	0.0	0.0
25830	0.0	0.0
6717	0.0	0.0
6880	0.0	0.0
2187	0.0	0.0
3833	0.0	0.0
2071	0.0	0.0
54935	0.0	0.0
5709	0.0	0.0
79019	0.0	0.0
138639	0.0	0.0
6817	0.0	0.0
2158	0.0	0.0
9735	0.0	0.0
30009	0.0	0.0
60675	0.0	0.0
174	0.0	0.0
91408	0.0	0.0
51574	0.0	0.0
4295	0.0	0.0
3357	0.0	0.0
10557	0.0	0.0
5032	0.0	0.0
5598	0.0	0.0
340562	0.0	0.0
5831	0.0	0.0
1280	0.0	0.0
10915	0.0	0.0
1842	0.0	0.0
5516	0.0	0.0
5173	0.0	0.0
144715	0.0	0.0
91687	0.0	0.0
3309	0.0	0.0
54503	0.0	0.0
7110	0.0	0.0
8852	0.0	0.0
54433	0.0	0.0
56954	0.0	0.0
84618	0.0	0.0
23347	0.0	0.0
256076	0.0	0.0
4803	0.0	0.0
10628	0.0	0.0
2905	0.0	0.0
54622	0.0	0.0
6900	0.0	0.0
5021	0.0	0.0
28984	0.0	0.0
126147	0.0	0.0
8568	0.0	0.0
202500	0.0	0.0
9377	0.0	0.0
1129	0.0	0.0
6144	0.0	0.0
8443	0.0	0.0
3204	0.0	0.0
222	0.0	0.0
133022	0.0	0.0
9475	0.0	0.0
114822	0.0	0.0
57617	0.0	0.0
5265	0.0	0.0
23517	0.0	0.0
10296	0.0	0.0
81847	0.0	0.0
6093	0.0	0.0
9670	0.0	0.0
10550	0.0	0.0
7057	0.0	0.0
857	0.0	0.0
121512	0.0	0.0
90990	0.0	0.0
51099	0.0	0.0
3785	0.0	0.0
162	0.0	0.0
152330	0.0	0.0
6253	0.0	0.0
1644	0.0	0.0
509	0.0	0.0
11131	0.0	0.0
100288072	0.0	0.0
51678	0.0	0.0
50809	0.0	0.0
11280	0.0	0.0
221656	0.0	0.0
51733	0.0	0.0
51477	0.0	0.0
23095	0.0	0.0
3646	0.0	0.0
1902	0.0	0.0
150356	0.0	0.0
54431	0.0	0.0
83697	0.0	0.0
10455	0.0	0.0
55135	0.0	0.0
85329	0.0	0.0
9612	0.0	0.0
729264	0.0	0.0
5034	0.0	0.0
7088	0.0	0.0
4694	0.0	0.0
6257	0.0	0.0
56915	0.0	0.0
64324	0.0	0.0
6391	0.0	0.0
143241	0.0	0.0
147968	0.0	0.0
479	0.0	0.0
7189	0.0	0.0
4649	0.0	0.0
55738	0.0	0.0
283659	0.0	0.0
83661	0.0	0.0
127495	0.0	0.0
5970	0.0	0.0
2786	0.0	0.0
6728	0.0	0.0
113655	0.0	0.0
5288	0.0	0.0
10412	0.0	0.0
5663	0.0	0.0
6185	0.0	0.0
5367	0.0	0.0
1639	0.0	0.0
6152	0.0	0.0
5694	0.0	0.0
65109	0.0	0.0
80157	0.0	0.0
6291	0.0	0.0
3364	0.0	0.0
84262	0.0	0.0
8662	0.0	0.0
6671	0.0	0.0
56938	0.0	0.0
3927	0.0	0.0
81792	0.0	0.0
57142	0.0	0.0
347731	0.0	0.0
2069	0.0	0.0
3704	0.0	0.0
9117	0.0	0.0
338	0.0	0.0
404672	0.0	0.0
11124	0.0	0.0
219927	0.0	0.0
23155	0.0	0.0
9440	0.0	0.0
27434	0.0	0.0
7386	0.0	0.0
10381	0.0	0.0
23172	0.0	0.0
339366	0.0	0.0
54831	0.0	0.0
8634	0.0	0.0
80270	0.0	0.0
55010	0.0	0.0
3455	0.0	0.0
5575	0.0	0.0
10524	0.0	0.0
2779	0.0	0.0
113091	0.0	0.0
5916	0.0	0.0
1298	0.0	0.0
4255	0.0	0.0
51279	0.0	0.0
9229	0.0	0.0
665	0.0	0.0
6625	0.0	0.0
6653	0.0	0.0
5142	0.0	0.0
5238	0.0	0.0
5160	0.0	0.0
29803	0.0	0.0
81556	0.0	0.0
5298	0.0	0.0
7388	0.0	0.0
5982	0.0	0.0
284312	0.0	0.0
143570	0.0	0.0
4603	0.0	0.0
5888	0.0	0.0
12	0.0	0.0
7786	0.0	0.0
8382	0.0	0.0
26122	0.0	0.0
114131	0.0	0.0
6279	0.0	0.0
387332	0.0	0.0
5138	0.0	0.0
3831	0.0	0.0
2962	0.0	0.0
5129	0.0	0.0
9322	0.0	0.0
5961	0.0	0.0
503542	0.0	0.0
55144	0.0	0.0
9446	0.0	0.0
905	0.0	0.0
10195	0.0	0.0
3062	0.0	0.0
28951	0.0	0.0
7520	0.0	0.0
23594	0.0	0.0
10891	0.0	0.0
8664	0.0	0.0
84441	0.0	0.0
599	0.0	0.0
64785	0.0	0.0
9002	0.0	0.0
1746	0.0	0.0
6635	0.0	0.0
2668	0.0	0.0
2570	0.0	0.0
4128	0.0	0.0
54606	0.0	0.0
4099	0.0	0.0
93183	0.0	0.0
10493	0.0	0.0
3301	0.0	0.0
939	0.0	0.0
10476	0.0	0.0
29941	0.0	0.0
6571	0.0	0.0
6122	0.0	0.0
51642	0.0	0.0
4820	0.0	0.0
1297	0.0	0.0
201266	0.0	0.0
81027	0.0	0.0
284067	0.0	0.0
6259	0.0	0.0
54948	0.0	0.0
51754	0.0	0.0
6175	0.0	0.0
54732	0.0	0.0
955	0.0	0.0
8468	0.0	0.0
894	0.0	0.0
118460	0.0	0.0
8125	0.0	0.0
6146	0.0	0.0
50834	0.0	0.0
608	0.0	0.0
8675	0.0	0.0
79885	0.0	0.0
116540	0.0	0.0
2254	0.0	0.0
55746	0.0	0.0
57188	0.0	0.0
90	0.0	0.0
23107	0.0	0.0
23410	0.0	0.0
9488	0.0	0.0
27012	0.0	0.0
124	0.0	0.0
58516	0.0	0.0
83734	0.0	0.0
4830	0.0	0.0
81616	0.0	0.0
6622	0.0	0.0
7358	0.0	0.0
2743	0.0	0.0
2826	0.0	0.0
55176	0.0	0.0
5877	0.0	0.0
5864	0.0	0.0
1337	0.0	0.0
7127	0.0	0.0
221458	0.0	0.0
5330	0.0	0.0
7032	0.0	0.0
135152	0.0	0.0
84643	0.0	0.0
5932	0.0	0.0
339976	0.0	0.0
123720	0.0	0.0
81887	0.0	0.0
3756	0.0	0.0
58508	0.0	0.0
5260	0.0	0.0
1411	0.0	0.0
659	0.0	0.0
10313	0.0	0.0
10025	0.0	0.0
58477	0.0	0.0
10755	0.0	0.0
8812	0.0	0.0
1387	0.0	0.0
51024	0.0	0.0
5289	0.0	0.0
9367	0.0	0.0
114803	0.0	0.0
51649	0.0	0.0
5914	0.0	0.0
1399	0.0	0.0
4774	0.0	0.0
3840	0.0	0.0
23184	0.0	0.0
57030	0.0	0.0
274	0.0	0.0
55143	0.0	0.0
157777	0.0	0.0
7365	0.0	0.0
83544	0.0	0.0
9601	0.0	0.0
5713	0.0	0.0
3295	0.0	0.0
27291	0.0	0.0
1942	0.0	0.0
3741	0.0	0.0
23305	0.0	0.0
1260	0.0	0.0
1278	0.0	0.0
84259	0.0	0.0
6166	0.0	0.0
5000	0.0	0.0
54576	0.0	0.0
64231	0.0	0.0
84282	0.0	0.0
6018	0.0	0.0
7277	0.0	0.0
1877	0.0	0.0
9491	0.0	0.0
9880	0.0	0.0
8653	0.0	0.0
3981	0.0	0.0
57649	0.0	0.0
79050	0.0	0.0
51542	0.0	0.0
3000	0.0	0.0
222545	0.0	0.0
9478	0.0	0.0
80235	0.0	0.0
57122	0.0	0.0
170960	0.0	0.0
22895	0.0	0.0
153241	0.0	0.0
4258	0.0	0.0
6647	0.0	0.0
1062	0.0	0.0
9400	0.0	0.0
25978	0.0	0.0
5928	0.0	0.0
521	0.0	0.0
84545	0.0	0.0
6688	0.0	0.0
4331	0.0	0.0
3312	0.0	0.0
1050	0.0	0.0
55813	0.0	0.0
3675	0.0	0.0
2491	0.0	0.0
25977	0.0	0.0
57408	0.0	0.0
5076	0.0	0.0
51755	0.0	0.0
6520	0.0	0.0
387748	0.0	0.0
57835	0.0	0.0
5095	0.0	0.0
6142	0.0	0.0
929	0.0	0.0
94	0.0	0.0
9276	0.0	0.0
3841	0.0	0.0
2289	0.0	0.0
121504	0.0	0.0
6726	0.0	0.0
7474	0.0	0.0
23409	0.0	0.0
10565	0.0	0.0
5028	0.0	0.0
90417	0.0	0.0
5499	0.0	0.0
10945	0.0	0.0
55664	0.0	0.0
7403	0.0	0.0
825	0.0	0.0
10203	0.0	0.0
9024	0.0	0.0
55341	0.0	0.0
1235	0.0	0.0
2145	0.0	0.0
51614	0.0	0.0
1833	0.0	0.0
5900	0.0	0.0
284086	0.0	0.0
6845	0.0	0.0
816	0.0	0.0
712	0.0	0.0
4969	0.0	0.0
131474	0.0	0.0
401387	0.0	0.0
8906	0.0	0.0
1892	0.0	0.0
2670	0.0	0.0
1983	0.0	0.0
124583	0.0	0.0
5414	0.0	0.0
5957	0.0	0.0
9632	0.0	0.0
2848	0.0	0.0
133	0.0	0.0
80727	0.0	0.0
7385	0.0	0.0
1282	0.0	0.0
64426	0.0	0.0
2787	0.0	0.0
27032	0.0	0.0
9056	0.0	0.0
10573	0.0	0.0
735	0.0	0.0
80059	0.0	0.0
80055	0.0	0.0
1731	0.0	0.0
1759	0.0	0.0
3146	0.0	0.0
166336	0.0	0.0
9378	0.0	0.0
10749	0.0	0.0
5291	0.0	0.0
2712	0.0	0.0
119504	0.0	0.0
3693	0.0	0.0
8851	0.0	0.0
11073	0.0	0.0
147841	0.0	0.0
5573	0.0	0.0
3790	0.0	0.0
1044	0.0	0.0
375387	0.0	0.0
341392	0.0	0.0
64151	0.0	0.0
10020	0.0	0.0
6595	0.0	0.0
6419	0.0	0.0
7264	0.0	0.0
342538	0.0	0.0
4481	0.0	0.0
9542	0.0	0.0
154141	0.0	0.0
132	0.0	0.0
10608	0.0	0.0
115650	0.0	0.0
6446	0.0	0.0
11102	0.0	0.0
80273	0.0	0.0
10613	0.0	0.0
5685	0.0	0.0
220202	0.0	0.0
26168	0.0	0.0
6790	0.0	0.0
8740	0.0	0.0
55505	0.0	0.0
4218	0.0	0.0
3996	0.0	0.0
4723	0.0	0.0
10906	0.0	0.0
2565	0.0	0.0
9512	0.0	0.0
3987	0.0	0.0
6928	0.0	0.0
25987	0.0	0.0
25842	0.0	0.0
125228	0.0	0.0
6464	0.0	0.0
116840	0.0	0.0
7862	0.0	0.0
9950	0.0	0.0
55666	0.0	0.0
10024	0.0	0.0
26507	0.0	0.0
374819	0.0	0.0
3717	0.0	0.0
6621	0.0	0.0
3689	0.0	0.0
57646	0.0	0.0
64949	0.0	0.0
8854	0.0	0.0
23171	0.0	0.0
3099	0.0	0.0
7417	0.0	0.0
387640	0.0	0.0
1339	0.0	0.0
201161	0.0	0.0
27306	0.0	0.0
55238	0.0	0.0
84705	0.0	0.0
55737	0.0	0.0
3098	0.0	0.0
2775	0.0	0.0
83943	0.0	0.0
6160	0.0	0.0
7343	0.0	0.0
2931	0.0	0.0
51377	0.0	0.0
22841	0.0	0.0
9576	0.0	0.0
1936	0.0	0.0
10048	0.0	0.0
389816	0.0	0.0
284098	0.0	0.0
4722	0.0	0.0
7039	0.0	0.0
2128	0.0	0.0
9380	0.0	0.0
23212	0.0	0.0
140469	0.0	0.0
6907	0.0	0.0
84516	0.0	0.0
402117	0.0	0.0
6598	0.0	0.0
9540	0.0	0.0
2866	0.0	0.0
5394	0.0	0.0
404552	0.0	0.0
2123	0.0	0.0
123103	0.0	0.0
94235	0.0	0.0
5126	0.0	0.0
124491	0.0	0.0
119548	0.0	0.0
148362	0.0	0.0
10579	0.0	0.0
134864	0.0	0.0
29937	0.0	0.0
10575	0.0	0.0
10525	0.0	0.0
10367	0.0	0.0
55320	0.0	0.0
27130	0.0	0.0
4728	0.0	0.0
5329	0.0	0.0
90665	0.0	0.0
26523	0.0	0.0
7372	0.0	0.0
5287	0.0	0.0
7919	0.0	0.0
51023	0.0	0.0
6241	0.0	0.0
8773	0.0	0.0
23062	0.0	0.0
4615	0.0	0.0
64080	0.0	0.0
50808	0.0	0.0
1080	0.0	0.0
9801	0.0	0.0
6158	0.0	0.0
650	0.0	0.0
53904	0.0	0.0
51260	0.0	0.0
25981	0.0	0.0
94233	0.0	0.0
2042	0.0	0.0
10049	0.0	0.0
2026	0.0	0.0
3691	0.0	0.0
10111	0.0	0.0
4189	0.0	0.0
23492	0.0	0.0
28988	0.0	0.0
140894	0.0	0.0
140901	0.0	0.0
55226	0.0	0.0
4854	0.0	0.0
3106	0.0	0.0
55757	0.0	0.0
79581	0.0	0.0
6839	0.0	0.0
57559	0.0	0.0
727905	0.0	0.0
128989	0.0	0.0
2637	0.0	0.0
10487	0.0	0.0
5297	0.0	0.0
10114	0.0	0.0
9266	0.0	0.0
10452	0.0	0.0
760	0.0	0.0
7453	0.0	0.0
5478	0.0	0.0
51164	0.0	0.0
3958	0.0	0.0
680	0.0	0.0
4839	0.0	0.0
5933	0.0	0.0
57722	0.0	0.0
5152	0.0	0.0
93233	0.0	0.0
5721	0.0	0.0
2313	0.0	0.0
149708	0.0	0.0
2762	0.0	0.0
3508	0.0	0.0
94031	0.0	0.0
119	0.0	0.0
701	0.0	0.0
56246	0.0	0.0
978	0.0	0.0
388524	0.0	0.0
2301	0.0	0.0
3198	0.0	0.0
3628	0.0	0.0
10890	0.0	0.0
729230	0.0	0.0
1434	0.0	0.0
9033	0.0	0.0
6167	0.0	0.0
117246	0.0	0.0
840	0.0	0.0
9319	0.0	0.0
5718	0.0	0.0
573	0.0	0.0
478	0.0	0.0
5878	0.0	0.0
345611	0.0	0.0
56006	0.0	0.0
55048	0.0	0.0
29074	0.0	0.0
6650	0.0	0.0
7124	0.0	0.0
4605	0.0	0.0
2692	0.0	0.0
3630	0.0	0.0
6154	0.0	0.0
471	0.0	0.0
84930	0.0	0.0
57105	0.0	0.0
23303	0.0	0.0
11067	0.0	0.0
5311	0.0	0.0
845	0.0	0.0
4487	0.0	0.0
6886	0.0	0.0
7764	0.0	0.0
100127206	0.0	0.0
5442	0.0	0.0
81570	0.0	0.0
10939	0.0	0.0
55290	0.0	0.0
3739	0.0	0.0
3476	0.0	0.0
1373	0.0	0.0
3184	0.0	0.0
7484	0.0	0.0
1933	0.0	0.0
80145	0.0	0.0
55862	0.0	0.0
1174	0.0	0.0
8405	0.0	0.0
3569	0.0	0.0
7130	0.0	0.0
163	0.0	0.0
3658	0.0	0.0
6872	0.0	0.0
10960	0.0	0.0
3156	0.0	0.0
8085	0.0	0.0
8419	0.0	0.0
3959	0.0	0.0
254394	0.0	0.0
10	0.0	0.0
169792	0.0	0.0
150353	0.0	0.0
5286	0.0	0.0
3371	0.0	0.0
6801	0.0	0.0
78999	0.0	0.0
689	0.0	0.0
1208	0.0	0.0
7248	0.0	0.0
7062	0.0	0.0
7097	0.0	0.0
5867	0.0	0.0
22863	0.0	0.0
55954	0.0	0.0
9350	0.0	0.0
1346	0.0	0.0
3586	0.0	0.0
6165	0.0	0.0
3714	0.0	0.0
64284	0.0	0.0
5217	0.0	0.0
8786	0.0	0.0
1768	0.0	0.0
4772	0.0	0.0
84628	0.0	0.0
55326	0.0	0.0
8665	0.0	0.0
3655	0.0	0.0
4121	0.0	0.0
189	0.0	0.0
10590	0.0	0.0
2791	0.0	0.0
129446	0.0	0.0
5976	0.0	0.0
1340	0.0	0.0
8321	0.0	0.0
3267	0.0	0.0
140685	0.0	0.0
57599	0.0	0.0
64975	0.0	0.0
3306	0.0	0.0
9905	0.0	0.0
5364	0.0	0.0
51168	0.0	0.0
5447	0.0	0.0
9887	0.0	0.0
54943	0.0	0.0
3746	0.0	0.0
87	0.0	0.0
6518	0.0	0.0
348654	0.0	0.0
3284	0.0	0.0
3842	0.0	0.0
20	0.0	0.0
5868	0.0	0.0
51719	0.0	0.0
27255	0.0	0.0
251	0.0	0.0
93986	0.0	0.0
6426	0.0	0.0
84844	0.0	0.0
81669	0.0	0.0
4717	0.0	0.0
441509	0.0	0.0
79968	0.0	0.0
10026	0.0	0.0
7158	0.0	0.0
10059	0.0	0.0
2302	0.0	0.0
6205	0.0	0.0
283106	0.0	0.0
9524	0.0	0.0
1876	0.0	0.0
79705	0.0	0.0
4299	0.0	0.0
10267	0.0	0.0
27044	0.0	0.0
51764	0.0	0.0
548644	0.0	0.0
8875	0.0	0.0
54579	0.0	0.0
2975	0.0	0.0
4211	0.0	0.0
22818	0.0	0.0
7186	0.0	0.0
10598	0.0	0.0
50807	0.0	0.0
54538	0.0	0.0
8867	0.0	0.0
5349	0.0	0.0
4528	0.0	0.0
5443	0.0	0.0
23481	0.0	0.0
11113	0.0	0.0
122618	0.0	0.0
9894	0.0	0.0
254122	0.0	0.0
5080	0.0	0.0
1131	0.0	0.0
2044	0.0	0.0
2185	0.0	0.0
84624	0.0	0.0
3760	0.0	0.0
6224	0.0	0.0
6711	0.0	0.0
1038	0.0	0.0
94030	0.0	0.0
2036	0.0	0.0
1635	0.0	0.0
1353	0.0	0.0
5702	0.0	0.0
6258	0.0	0.0
1735	0.0	0.0
6303	0.0	0.0
55684	0.0	0.0
10921	0.0	0.0
112	0.0	0.0
9935	0.0	0.0
7058	0.0	0.0
9725	0.0	0.0
9343	0.0	0.0
9551	0.0	0.0
654	0.0	0.0
64112	0.0	0.0
5528	0.0	0.0
80279	0.0	0.0
8717	0.0	0.0
51237	0.0	0.0
493753	0.0	0.0
7366	0.0	0.0
5520	0.0	0.0
3687	0.0	0.0
7363	0.0	0.0
11345	0.0	0.0
55052	0.0	0.0
83443	0.0	0.0
27314	0.0	0.0
64778	0.0	0.0
7349	0.0	0.0
25801	0.0	0.0
217	0.0	0.0
9340	0.0	0.0
6777	0.0	0.0
9457	0.0	0.0
84627	0.0	0.0
26053	0.0	0.0
50846	0.0	0.0
2965	0.0	0.0
91	0.0	0.0
6536	0.0	0.0
7019	0.0	0.0
222229	0.0	0.0
8632	0.0	0.0
6631	0.0	0.0
58525	0.0	0.0
10249	0.0	0.0
64421	0.0	0.0
598	0.0	0.0
22943	0.0	0.0
160	0.0	0.0
746	0.0	0.0
30	0.0	0.0
8879	0.0	0.0
200916	0.0	0.0
9369	0.0	0.0
10687	0.0	0.0
4084	0.0	0.0
347733	0.0	0.0
51144	0.0	0.0
54788	0.0	0.0
4710	0.0	0.0
9570	0.0	0.0
271	0.0	0.0
83990	0.0	0.0
5211	0.0	0.0
10013	0.0	0.0
7518	0.0	0.0
5354	0.0	0.0
22916	0.0	0.0
55466	0.0	0.0
3624	0.0	0.0
25873	0.0	0.0
192668	0.0	0.0
3065	0.0	0.0
549	0.0	0.0
55208	0.0	0.0
23275	0.0	0.0
7156	0.0	0.0
4976	0.0	0.0
407977	0.0	0.0
54534	0.0	0.0
25864	0.0	0.0
7779	0.0	0.0
9373	0.0	0.0
11243	0.0	0.0
10576	0.0	0.0
8565	0.0	0.0
55102	0.0	0.0
9525	0.0	0.0
55198	0.0	0.0
51160	0.0	0.0
4089	0.0	0.0
286887	0.0	0.0
80143	0.0	0.0
5481	0.0	0.0
1612	0.0	0.0
6768	0.0	0.0
1632	0.0	0.0
57534	0.0	0.0
1133	0.0	0.0
4947	0.0	0.0
9388	0.0	0.0
3240	0.0	0.0
4922	0.0	0.0
79442	0.0	0.0
85464	0.0	0.0
2788	0.0	0.0
29109	0.0	0.0
166614	0.0	0.0
83942	0.0	0.0
8900	0.0	0.0
3835	0.0	0.0
8887	0.0	0.0
57634	0.0	0.0
116092	0.0	0.0
284486	0.0	0.0
55844	0.0	0.0
130557	0.0	0.0
10483	0.0	0.0
340745	0.0	0.0
140766	0.0	0.0
4828	0.0	0.0
51290	0.0	0.0
6683	0.0	0.0
2568	0.0	0.0
56895	0.0	0.0
5096	0.0	0.0
7450	0.0	0.0
3283	0.0	0.0
959	0.0	0.0
4122	0.0	0.0
2615	0.0	0.0
4297	0.0	0.0
57799	0.0	0.0
51222	0.0	0.0
9759	0.0	0.0
151525	0.0	0.0
9739	0.0	0.0
53942	0.0	0.0
107	0.0	0.0
1973	0.0	0.0
2272	0.0	0.0
1103	0.0	0.0
5609	0.0	0.0
7433	0.0	0.0
1349	0.0	0.0
57146	0.0	0.0
3303	0.0	0.0
6513	0.0	0.0
581	0.0	0.0
121441	0.0	0.0
53405	0.0	0.0
2956	0.0	0.0
4336	0.0	0.0
5731	0.0	0.0
340419	0.0	0.0
23710	0.0	0.0
112970	0.0	0.0
27128	0.0	0.0
2696	0.0	0.0
83692	0.0	0.0
9719	0.0	0.0
6794	0.0	0.0
131	0.0	0.0
55083	0.0	0.0
6597	0.0	0.0
4602	0.0	0.0
7448	0.0	0.0
2342	0.0	0.0
1543	0.0	0.0
9827	0.0	0.0
85476	0.0	0.0
11311	0.0	0.0
79154	0.0	0.0
10369	0.0	0.0
51174	0.0	0.0
4160	0.0	0.0
604	0.0	0.0
409	0.0	0.0
6208	0.0	0.0
7084	0.0	0.0
6699	0.0	0.0
3054	0.0	0.0
1268	0.0	0.0
55651	0.0	0.0
8379	0.0	0.0
1429	0.0	0.0
11337	0.0	0.0
3084	0.0	0.0
10261	0.0	0.0
8329	0.0	0.0
4899	0.0	0.0
6499	0.0	0.0
80237	0.0	0.0
5128	0.0	0.0
7089	0.0	0.0
377841	0.0	0.0
29108	0.0	0.0
10753	0.0	0.0
3218	0.0	0.0
374291	0.0	0.0
1629	0.0	0.0
8732	0.0	0.0
2845	0.0	0.0
221937	0.0	0.0
126129	0.0	0.0
25920	0.0	0.0
7477	0.0	0.0
57332	0.0	0.0
5053	0.0	0.0
65059	0.0	0.0
6855	0.0	0.0
162699	0.0	0.0
9211	0.0	0.0
443	0.0	0.0
389813	0.0	0.0
8497	0.0	0.0
10791	0.0	0.0
55299	0.0	0.0
4091	0.0	0.0
343035	0.0	0.0
100	0.0	0.0
63967	0.0	0.0
2153	0.0	0.0
2627	0.0	0.0
2922	0.0	0.0
248	0.0	0.0
10490	0.0	0.0
11079	0.0	0.0
348	0.0	0.0
254827	0.0	0.0
5889	0.0	0.0
23621	0.0	0.0
4054	0.0	0.0
29780	0.0	0.0
55835	0.0	0.0
898	0.0	0.0
6626	0.0	0.0
10383	0.0	0.0
653489	0.0	0.0
6285	0.0	0.0
3676	0.0	0.0
6121	0.0	0.0
818	0.0	0.0
8805	0.0	0.0
8894	0.0	0.0
63827	0.0	0.0
57418	0.0	0.0
57687	0.0	0.0
285643	0.0	0.0
23080	0.0	0.0
1188	0.0	0.0
10142	0.0	0.0
56894	0.0	0.0
5393	0.0	0.0
4702	0.0	0.0
165721	0.0	0.0
95681	0.0	0.0
9086	0.0	0.0
7873	0.0	0.0
91754	0.0	0.0
1729	0.0	0.0
2909	0.0	0.0
79726	0.0	0.0
374677	0.0	0.0
1360	0.0	0.0
9447	0.0	0.0
10735	0.0	0.0
4436	0.0	0.0
3300	0.0	0.0
10988	0.0	0.0
10212	0.0	0.0
896	0.0	0.0
55870	0.0	0.0
100526739	0.0	0.0
23613	0.0	0.0
51594	0.0	0.0
7580	0.0	0.0
10564	0.0	0.0
9232	0.0	0.0
4714	0.0	0.0
4881	0.0	0.0
401	0.0	0.0
7276	0.0	0.0
440738	0.0	0.0
8600	0.0	0.0
5732	0.0	0.0
4613	0.0	0.0
5923	0.0	0.0
2887	0.0	0.0
29893	0.0	0.0
6696	0.0	0.0
108	0.0	0.0
91544	0.0	0.0
142910	0.0	0.0
65080	0.0	0.0
3607	0.0	0.0
1948	0.0	0.0
6171	0.0	0.0
7132	0.0	0.0
2049	0.0	0.0
5250	0.0	0.0
8225	0.0	0.0
6143	0.0	0.0
10856	0.0	0.0
144455	0.0	0.0
130507	0.0	0.0
29880	0.0	0.0
131578	0.0	0.0
9706	0.0	0.0
4212	0.0	0.0
8669	0.0	0.0
56952	0.0	0.0
8775	0.0	0.0
55920	0.0	0.0
1908	0.0	0.0
6522	0.0	0.0
84525	0.0	0.0
84790	0.0	0.0
5745	0.0	0.0
23480	0.0	0.0
65117	0.0	0.0
7022	0.0	0.0
887	0.0	0.0
7305	0.0	0.0
7133	0.0	0.0
54460	0.0	0.0
219699	0.0	0.0
114990	0.0	0.0
1236	0.0	0.0
81602	0.0	0.0
79677	0.0	0.0
6194	0.0	0.0
6207	0.0	0.0
10254	0.0	0.0
3738	0.0	0.0
1132	0.0	0.0
10952	0.0	0.0
5407	0.0	0.0
176	0.0	0.0
5218	0.0	0.0
7472	0.0	0.0
10175	0.0	0.0
3801	0.0	0.0
203611	0.0	0.0
10635	0.0	0.0
1447	0.0	0.0
57761	0.0	0.0
4713	0.0	0.0
4175	0.0	0.0
1414	0.0	0.0
308	0.0	0.0
4439	0.0	0.0
1577	0.0	0.0
522	0.0	0.0
4701	0.0	0.0
80308	0.0	0.0
3692	0.0	0.0
5366	0.0	0.0
8402	0.0	0.0
80790	0.0	0.0
4485	0.0	0.0
2982	0.0	0.0
8325	0.0	0.0
3164	0.0	0.0
956	0.0	0.0
26281	0.0	0.0
57522	0.0	0.0
953	0.0	0.0
23478	0.0	0.0
3305	0.0	0.0
55250	0.0	0.0
85365	0.0	0.0
58538	0.0	0.0
5585	0.0	0.0
5279	0.0	0.0
54931	0.0	0.0
8841	0.0	0.0
493911	0.0	0.0
56917	0.0	0.0
1509	0.0	0.0
8673	0.0	0.0
157285	0.0	0.0
1621	0.0	0.0
4627	0.0	0.0
57018	0.0	0.0
3167	0.0	0.0
343637	0.0	0.0
9168	0.0	0.0
7284	0.0	0.0
6713	0.0	0.0
7436	0.0	0.0
5015	0.0	0.0
5338	0.0	0.0
5214	0.0	0.0
9738	0.0	0.0
2043	0.0	0.0
124995	0.0	0.0
2648	0.0	0.0
5424	0.0	0.0
3105	0.0	0.0
116115	0.0	0.0
81	0.0	0.0
5630	0.0	0.0
27333	0.0	0.0
5578	0.0	0.0
5949	0.0	0.0
5981	0.0	0.0
3782	0.0	0.0
1441	0.0	0.0
6202	0.0	0.0
3565	0.0	0.0
10919	0.0	0.0
83595	0.0	0.0
5161	0.0	0.0
80022	0.0	0.0
7791	0.0	0.0
1277	0.0	0.0
84142	0.0	0.0
2235	0.0	0.0
54978	0.0	0.0
22941	0.0	0.0
23708	0.0	0.0
57222	0.0	0.0
4791	0.0	0.0
55879	0.0	0.0
116835	0.0	0.0
10905	0.0	0.0
9965	0.0	0.0
9733	0.0	0.0
5426	0.0	0.0
5335	0.0	0.0
2584	0.0	0.0
90332	0.0	0.0
284361	0.0	0.0
123169	0.0	0.0
6472	0.0	0.0
3978	0.0	0.0
7481	0.0	0.0
23132	0.0	0.0
25796	0.0	0.0
5178	0.0	0.0
593	0.0	0.0
23405	0.0	0.0
3814	0.0	0.0
51728	0.0	0.0
389400	0.0	0.0
203228	0.0	0.0
51560	0.0	0.0
119391	0.0	0.0
1654	0.0	0.0
124997	0.0	0.0
26003	0.0	0.0
8356	0.0	0.0
9611	0.0	0.0
339487	0.0	0.0
2854	0.0	0.0
5990	0.0	0.0
7283	0.0	0.0
9324	0.0	0.0
5837	0.0	0.0
2821	0.0	0.0
23141	0.0	0.0
140679	0.0	0.0
55191	0.0	0.0
10640	0.0	0.0
9442	0.0	0.0
23157	0.0	0.0
54478	0.0	0.0
2700	0.0	0.0
51264	0.0	0.0
55729	0.0	0.0
4103	0.0	0.0
128869	0.0	0.0
55037	0.0	0.0
346606	0.0	0.0
80833	0.0	0.0
3827	0.0	0.0
221823	0.0	0.0
55636	0.0	0.0
10885	0.0	0.0
3998	0.0	0.0
26505	0.0	0.0
80142	0.0	0.0
79053	0.0	0.0
51073	0.0	0.0
5834	0.0	0.0
56922	0.0	0.0
11338	0.0	0.0
126014	0.0	0.0
84514	0.0	0.0
7392	0.0	0.0
170850	0.0	0.0
5046	0.0	0.0
4058	0.0	0.0
10097	0.0	0.0
55770	0.0	0.0
5125	0.0	0.0
196383	0.0	0.0
7054	0.0	0.0
28964	0.0	0.0
23473	0.0	0.0
5336	0.0	0.0
9013	0.0	0.0
55268	0.0	0.0
115827	0.0	0.0
4855	0.0	0.0
5690	0.0	0.0
740	0.0	0.0
10312	0.0	0.0
11091	0.0	0.0
5991	0.0	0.0
80305	0.0	0.0
861	0.0	0.0
127833	0.0	0.0
960	0.0	0.0
4645	0.0	0.0
90701	0.0	0.0
50814	0.0	0.0
51601	0.0	0.0
126755	0.0	0.0
1950	0.0	0.0
259217	0.0	0.0
3798	0.0	0.0
57192	0.0	0.0
4704	0.0	0.0
5706	0.0	0.0
6230	0.0	0.0
93517	0.0	0.0
51626	0.0	0.0
1299	0.0	0.0
1915	0.0	0.0
143244	0.0	0.0
2940	0.0	0.0
4880	0.0	0.0
2948	0.0	0.0
4001	0.0	0.0
23592	0.0	0.0
5720	0.0	0.0
5859	0.0	0.0
100130742	0.0	0.0
15	0.0	0.0
28972	0.0	0.0
8829	0.0	0.0
10987	0.0	0.0
4000	0.0	0.0
146956	0.0	0.0
1398	0.0	0.0
475	0.0	0.0
8677	0.0	0.0
57611	0.0	0.0
2554	0.0	0.0
629	0.0	0.0
55388	0.0	0.0
392636	0.0	0.0
3579	0.0	0.0
55284	0.0	0.0
4040	0.0	0.0
1490	0.0	0.0
22824	0.0	0.0
6830	0.0	0.0
392517	0.0	0.0
54516	0.0	0.0
6990	0.0	0.0
116931	0.0	0.0
5925	0.0	0.0
6424	0.0	0.0
55607	0.0	0.0
9507	0.0	0.0
57120	0.0	0.0
3799	0.0	0.0
969	0.0	0.0
4145	0.0	0.0
84701	0.0	0.0
1544	0.0	0.0
92399	0.0	0.0
10165	0.0	0.0
5746	0.0	0.0
4804	0.0	0.0
26153	0.0	0.0
1390	0.0	0.0
4686	0.0	0.0
4594	0.0	0.0
8499	0.0	0.0
4323	0.0	0.0
5019	0.0	0.0
335	0.0	0.0
1937	0.0	0.0
9146	0.0	0.0
51512	0.0	0.0
85441	0.0	0.0
2983	0.0	0.0
51382	0.0	0.0
2157	0.0	0.0
157570	0.0	0.0
5562	0.0	0.0
38	0.0	0.0
545	0.0	0.0
3834	0.0	0.0
3735	0.0	0.0
170689	0.0	0.0
26589	0.0	0.0
7818	0.0	0.0
51314	0.0	0.0
63875	0.0	0.0
161424	0.0	0.0
64816	0.0	0.0
4478	0.0	0.0
84812	0.0	0.0
57410	0.0	0.0
1427	0.0	0.0
684	0.0	0.0
9837	0.0	0.0
4100	0.0	0.0
80896	0.0	0.0
4957	0.0	0.0
170691	0.0	0.0
51400	0.0	0.0
80223	0.0	0.0
1890	0.0	0.0
6103	0.0	0.0
10001	0.0	0.0
842	0.0	0.0
9455	0.0	0.0
6629	0.0	0.0
84816	0.0	0.0
23479	0.0	0.0
147111	0.0	0.0
1186	0.0	0.0
79717	0.0	0.0
125	0.0	0.0
4725	0.0	0.0
4712	0.0	0.0
59341	0.0	0.0
9857	0.0	0.0
128866	0.0	0.0
118	0.0	0.0
53407	0.0	0.0
3854	0.0	0.0
7159	0.0	0.0
3749	0.0	0.0
2990	0.0	0.0
56994	0.0	0.0
22982	0.0	0.0
91947	0.0	0.0
4116	0.0	0.0
1601	0.0	0.0
327	0.0	0.0
11176	0.0	0.0
51317	0.0	0.0
9066	0.0	0.0
3350	0.0	0.0
9037	0.0	0.0
84920	0.0	0.0
6256	0.0	0.0
7432	0.0	0.0
117289	0.0	0.0
100527963	0.0	0.0
10717	0.0	0.0
10671	0.0	0.0
6746	0.0	0.0
3206	0.0	0.0
5518	0.0	0.0
9391	0.0	0.0
23085	0.0	0.0
2560	0.0	0.0
51720	0.0	0.0
645432	0.0	0.0
140690	0.0	0.0
79971	0.0	0.0
10519	0.0	0.0
150209	0.0	0.0
64083	0.0	0.0
514	0.0	0.0
779	0.0	0.0
250	0.0	0.0
3066	0.0	0.0
4139	0.0	0.0
314	0.0	0.0
9914	0.0	0.0
1294	0.0	0.0
688	0.0	0.0
5294	0.0	0.0
9370	0.0	0.0
29089	0.0	0.0
84289	0.0	0.0
957	0.0	0.0
6997	0.0	0.0
6616	0.0	0.0
23256	0.0	0.0
10978	0.0	0.0
55718	0.0	0.0
114880	0.0	0.0
950	0.0	0.0
9960	0.0	0.0
113220	0.0	0.0
23279	0.0	0.0
51085	0.0	0.0
8326	0.0	0.0
9559	0.0	0.0
517	0.0	0.0
5724	0.0	0.0
79962	0.0	0.0
1437	0.0	0.0
6427	0.0	0.0
51747	0.0	0.0
23770	0.0	0.0
56945	0.0	0.0
3202	0.0	0.0
79139	0.0	0.0
117	0.0	0.0
8543	0.0	0.0
9793	0.0	0.0
4958	0.0	0.0
3623	0.0	0.0
25804	0.0	0.0
5529	0.0	0.0
153745	0.0	0.0
64446	0.0	0.0
9425	0.0	0.0
135	0.0	0.0
23397	0.0	0.0
5566	0.0	0.0
8636	0.0	0.0
23533	0.0	0.0
146	0.0	0.0
7923	0.0	0.0
79084	0.0	0.0
10736	0.0	0.0
57511	0.0	0.0
2052	0.0	0.0
339291	0.0	0.0
351	0.0	0.0
388963	0.0	0.0
25821	0.0	0.0
9939	0.0	0.0
64926	0.0	0.0
4882	0.0	0.0
4296	0.0	0.0
9482	0.0	0.0
774	0.0	0.0
51154	0.0	0.0
9132	0.0	0.0
146713	0.0	0.0
3763	0.0	0.0
84311	0.0	0.0
10940	0.0	0.0
5243	0.0	0.0
2740	0.0	0.0
4651	0.0	0.0
55036	0.0	0.0
23521	0.0	0.0
84936	0.0	0.0
84524	0.0	0.0
9825	0.0	0.0
8819	0.0	0.0
57407	0.0	0.0
7200	0.0	0.0
6788	0.0	0.0
6293	0.0	0.0
1995	0.0	0.0
7251	0.0	0.0
1030	0.0	0.0
81565	0.0	0.0
4291	0.0	0.0
3358	0.0	0.0
2626	0.0	0.0
5230	0.0	0.0
1947	0.0	0.0
2037	0.0	0.0
948	0.0	0.0
6744	0.0	0.0
9456	0.0	0.0
23112	0.0	0.0
9630	0.0	0.0
10471	0.0	0.0
245972	0.0	0.0
10845	0.0	0.0
79837	0.0	0.0
23355	0.0	0.0
4179	0.0	0.0
128	0.0	0.0
2255	0.0	0.0
2815	0.0	0.0
9382	0.0	0.0
401409	0.0	0.0
23041	0.0	0.0
27133	0.0	0.0
10040	0.0	0.0
200879	0.0	0.0
9466	0.0	0.0
8714	0.0	0.0
10274	0.0	0.0
10240	0.0	0.0
5307	0.0	0.0
10621	0.0	0.0
119559	0.0	0.0
55872	0.0	0.0
23557	0.0	0.0
7067	0.0	0.0
6229	0.0	0.0
259266	0.0	0.0
202333	0.0	0.0
6195	0.0	0.0
8644	0.0	0.0
5198	0.0	0.0
80728	0.0	0.0
5971	0.0	0.0
11173	0.0	0.0
64788	0.0	0.0
26747	0.0	0.0
196385	0.0	0.0
8224	0.0	0.0
8291	0.0	0.0
1164	0.0	0.0
399473	0.0	0.0
6161	0.0	0.0
6812	0.0	0.0
81624	0.0	0.0
5314	0.0	0.0
91147	0.0	0.0
2895	0.0	0.0
55165	0.0	0.0
54512	0.0	0.0
6423	0.0	0.0
4157	0.0	0.0
7536	0.0	0.0
150468	0.0	0.0
1859	0.0	0.0
6628	0.0	0.0
6455	0.0	0.0
160518	0.0	0.0
515	0.0	0.0
55347	0.0	0.0
554	0.0	0.0
7442	0.0	0.0
257313	0.0	0.0
1311	0.0	0.0
55173	0.0	0.0
3033	0.0	0.0
100506658	0.0	0.0
11189	0.0	0.0
6863	0.0	0.0
22948	0.0	0.0
4335	0.0	0.0
2022	0.0	0.0
54578	0.0	0.0
3952	0.0	0.0
54600	0.0	0.0
6731	0.0	0.0
3638	0.0	0.0
2904	0.0	0.0
84894	0.0	0.0
64965	0.0	0.0
55614	0.0	0.0
11070	0.0	0.0
9700	0.0	0.0
79680	0.0	0.0
6425	0.0	0.0
5715	0.0	0.0
5921	0.0	0.0
65005	0.0	0.0
63908	0.0	0.0
79370	0.0	0.0
83448	0.0	0.0
123624	0.0	0.0
8737	0.0	0.0
219402	0.0	0.0
3430	0.0	0.0
9924	0.0	0.0
373156	0.0	0.0
6908	0.0	0.0
22854	0.0	0.0
3002	0.0	0.0
594857	0.0	0.0
57502	0.0	0.0
11224	0.0	0.0
22920	0.0	0.0
2530	0.0	0.0
727936	0.0	0.0
1743	0.0	0.0
1871	0.0	0.0
9510	0.0	0.0
347517	0.0	0.0
4832	0.0	0.0
79054	0.0	0.0
24	0.0	0.0
6228	0.0	0.0
2770	0.0	0.0
23244	0.0	0.0
6123	0.0	0.0
9669	0.0	0.0
586	0.0	0.0
827	0.0	0.0
56171	0.0	0.0
4010	0.0	0.0
23411	0.0	0.0
56479	0.0	0.0
3061	0.0	0.0
387103	0.0	0.0
6708	0.0	0.0
8648	0.0	0.0
1588	0.0	0.0
8560	0.0	0.0
10529	0.0	0.0
2646	0.0	0.0
9734	0.0	0.0
2915	0.0	0.0
6881	0.0	0.0
123355	0.0	0.0
57402	0.0	0.0
23030	0.0	0.0
1604	0.0	0.0
93594	0.0	0.0
51204	0.0	0.0
161291	0.0	0.0
23705	0.0	0.0
115948	0.0	0.0
6531	0.0	0.0
5704	0.0	0.0
2618	0.0	0.0
57561	0.0	0.0
7059	0.0	0.0
79087	0.0	0.0
23142	0.0	0.0
6950	0.0	0.0
147	0.0	0.0
4705	0.0	0.0
55107	0.0	0.0
9563	0.0	0.0
3297	0.0	0.0
2220	0.0	0.0
4007	0.0	0.0
79643	0.0	0.0
29851	0.0	0.0
2850	0.0	0.0
283579	0.0	0.0
9407	0.0	0.0
6198	0.0	0.0
84061	0.0	0.0
1742	0.0	0.0
27250	0.0	0.0
29127	0.0	0.0
432369	0.0	0.0
1907	0.0	0.0
7461	0.0	0.0
4762	0.0	0.0
29914	0.0	0.0
88	0.0	0.0
55168	0.0	0.0
5931	0.0	0.0
4199	0.0	0.0
5872	0.0	0.0
23048	0.0	0.0
4522	0.0	0.0
9212	0.0	0.0
30813	0.0	0.0
285521	0.0	0.0
5597	0.0	0.0
55697	0.0	0.0
89853	0.0	0.0
535	0.0	0.0
55283	0.0	0.0
197322	0.0	0.0
6184	0.0	0.0
2949	0.0	0.0
7508	0.0	0.0
8195	0.0	0.0
9856	0.0	0.0
3172	0.0	0.0
5980	0.0	0.0
8467	0.0	0.0
54812	0.0	0.0
5682	0.0	0.0
523	0.0	0.0
901	0.0	0.0
653	0.0	0.0
2331	0.0	0.0
973	0.0	0.0
51475	0.0	0.0
7178	0.0	0.0
8898	0.0	0.0
23168	0.0	0.0
1347	0.0	0.0
6201	0.0	0.0
6811	0.0	0.0
80895	0.0	0.0
130	0.0	0.0
1284	0.0	0.0
10637	0.0	0.0
11309	0.0	0.0
7515	0.0	0.0
26286	0.0	0.0
6192	0.0	0.0
2557	0.0	0.0
54820	0.0	0.0
387129	0.0	0.0
27335	0.0	0.0
30819	0.0	0.0
55968	0.0	0.0
221037	0.0	0.0
27297	0.0	0.0
8633	0.0	0.0
129450	0.0	0.0
7884	0.0	0.0
4818	0.0	0.0
29799	0.0	0.0
114757	0.0	0.0
283871	0.0	0.0
56261	0.0	0.0
4946	0.0	0.0
1786	0.0	0.0
57692	0.0	0.0
9159	0.0	0.0
154	0.0	0.0
5122	0.0	0.0
113179	0.0	0.0
192669	0.0	0.0
6232	0.0	0.0
51514	0.0	0.0
26574	0.0	0.0
3175	0.0	0.0
8473	0.0	0.0
84735	0.0	0.0
9553	0.0	0.0
64432	0.0	0.0
9282	0.0	0.0
338917	0.0	0.0
5277	0.0	0.0
11144	0.0	0.0
54463	0.0	0.0
164	0.0	0.0
347732	0.0	0.0
285381	0.0	0.0
51283	0.0	0.0
23130	0.0	0.0
11169	0.0	0.0
51171	0.0	0.0
23556	0.0	0.0
282991	0.0	0.0
9988	0.0	0.0
8787	0.0	0.0
9787	0.0	0.0
4204	0.0	0.0
2558	0.0	0.0
1740	0.0	0.0
54659	0.0	0.0
81875	0.0	0.0
9420	0.0	0.0
93	0.0	0.0
7153	0.0	0.0
5739	0.0	0.0
1233	0.0	0.0
10499	0.0	0.0
9364	0.0	0.0
758	0.0	0.0
216	0.0	0.0
84836	0.0	0.0
6191	0.0	0.0
23339	0.0	0.0
8567	0.0	0.0
1510	0.0	0.0
60561	0.0	0.0
2941	0.0	0.0
57156	0.0	0.0
8692	0.0	0.0
161823	0.0	0.0
91875	0.0	0.0
169355	0.0	0.0
2896	0.0	0.0
2739	0.0	0.0
5425	0.0	0.0
7076	0.0	0.0
341640	0.0	0.0
230	0.0	0.0
654429	0.0	0.0
22839	0.0	0.0
5649	0.0	0.0
4090	0.0	0.0
51371	0.0	0.0
286749	0.0	0.0
100652748	0.0	0.0
518	0.0	0.0
790	0.0	0.0
126520	0.0	0.0
2219	0.0	0.0
22823	0.0	0.0
6532	0.0	0.0
5691	0.0	0.0
10427	0.0	0.0
2780	0.0	0.0
3875	0.0	0.0
113026	0.0	0.0
10971	0.0	0.0
347730	0.0	0.0
23499	0.0	0.0
10390	0.0	0.0
22992	0.0	0.0
5621	0.0	0.0
5737	0.0	0.0
161742	0.0	0.0
6403	0.0	0.0
5983	0.0	0.0
83592	0.0	0.0
79590	0.0	0.0
5743	0.0	0.0
7150	0.0	0.0
10896	0.0	0.0
81930	0.0	0.0
6210	0.0	0.0
288	0.0	0.0
1286	0.0	0.0
84959	0.0	0.0
23239	0.0	0.0
11174	0.0	0.0
10486	0.0	0.0
10038	0.0	0.0
1325	0.0	0.0
286204	0.0	0.0
83959	0.0	0.0
51271	0.0	0.0
354	0.0	0.0
2972	0.0	0.0
27161	0.0	0.0
120526	0.0	0.0
9768	0.0	0.0
130872	0.0	0.0
1521	0.0	0.0
137872	0.0	0.0
56953	0.0	0.0
283149	0.0	0.0
23125	0.0	0.0
5607	0.0	0.0
229	0.0	0.0
2783	0.0	0.0
157567	0.0	0.0
5782	0.0	0.0
5979	0.0	0.0
26043	0.0	0.0
51004	0.0	0.0
51072	0.0	0.0
3776	0.0	0.0
51105	0.0	0.0
84277	0.0	0.0
64968	0.0	0.0
266675	0.0	0.0
5687	0.0	0.0
2318	0.0	0.0
7498	0.0	0.0
55809	0.0	0.0
6094	0.0	0.0
4691	0.0	0.0
440699	0.0	0.0
9474	0.0	0.0
7029	0.0	0.0
388531	0.0	0.0
83451	0.0	0.0
8658	0.0	0.0
111	0.0	0.0
8643	0.0	0.0
257019	0.0	0.0
4953	0.0	0.0
53635	0.0	0.0
6469	0.0	0.0
2801	0.0	0.0
9775	0.0	0.0
2521	0.0	0.0
29958	0.0	0.0
10335	0.0	0.0
221981	0.0	0.0
3626	0.0	0.0
9124	0.0	0.0
846	0.0	0.0
9577	0.0	0.0
1022	0.0	0.0
2903	0.0	0.0
5116	0.0	0.0
2641	0.0	0.0
80712	0.0	0.0
5029	0.0	0.0
272	0.0	0.0
3690	0.0	0.0
3383	0.0	0.0
5699	0.0	0.0
8555	0.0	0.0
56648	0.0	0.0
1292	0.0	0.0
7507	0.0	0.0
4682	0.0	0.0
79736	0.0	0.0
2180	0.0	0.0
4760	0.0	0.0
2188	0.0	0.0
92749	0.0	0.0
1809	0.0	0.0
51029	0.0	0.0
4131	0.0	0.0
7013	0.0	0.0
51028	0.0	0.0
5422	0.0	0.0
30849	0.0	0.0
1891	0.0	0.0
11197	0.0	0.0
6993	0.0	0.0
79132	0.0	0.0
339416	0.0	0.0
3614	0.0	0.0
57622	0.0	0.0
666	0.0	0.0
3980	0.0	0.0
11341	0.0	0.0
65263	0.0	0.0
5965	0.0	0.0
8646	0.0	0.0
55166	0.0	0.0
23300	0.0	0.0
8607	0.0	0.0
65095	0.0	0.0
8318	0.0	0.0
2736	0.0	0.0
84364	0.0	0.0
995	0.0	0.0
902	0.0	0.0
1857	0.0	0.0
54059	0.0	0.0
8566	0.0	0.0
2547	0.0	0.0
253175	0.0	0.0
1180	0.0	0.0
9697	0.0	0.0
109	0.0	0.0
1981	0.0	0.0
8541	0.0	0.0
5571	0.0	0.0
55901	0.0	0.0
57497	0.0	0.0
10720	0.0	0.0
222662	0.0	0.0
163786	0.0	0.0
197335	0.0	0.0
2773	0.0	0.0
1806	0.0	0.0
5734	0.0	0.0
1663	0.0	0.0
6898	0.0	0.0
64960	0.0	0.0
9798	0.0	0.0
90249	0.0	0.0
5460	0.0	0.0
55605	0.0	0.0
55140	0.0	0.0
54552	0.0	0.0
56923	0.0	0.0
79991	0.0	0.0
79982	0.0	0.0
54437	0.0	0.0
2829	0.0	0.0
55366	0.0	0.0
142	0.0	0.0
8313	0.0	0.0
4698	0.0	0.0
196527	0.0	0.0
51256	0.0	0.0
2804	0.0	0.0
26251	0.0	0.0
29883	0.0	0.0
10371	0.0	0.0
83548	0.0	0.0
3750	0.0	0.0
124923	0.0	0.0
79026	0.0	0.0
2520	0.0	0.0
84539	0.0	0.0
2796	0.0	0.0
253725	0.0	0.0
23032	0.0	0.0
2566	0.0	0.0
60677	0.0	0.0
782	0.0	0.0
27131	0.0	0.0
53831	0.0	0.0
7011	0.0	0.0
2958	0.0	0.0
51506	0.0	0.0
9493	0.0	0.0
6678	0.0	0.0
2057	0.0	0.0
23435	0.0	0.0
80131	0.0	0.0
79902	0.0	0.0
6449	0.0	0.0
57731	0.0	0.0
51816	0.0	0.0
11081	0.0	0.0
24140	0.0	0.0
200576	0.0	0.0
2563	0.0	0.0
3363	0.0	0.0
29980	0.0	0.0
10241	0.0	0.0
147179	0.0	0.0
6729	0.0	0.0
4851	0.0	0.0
8620	0.0	0.0
6617	0.0	0.0
51074	0.0	0.0
4171	0.0	0.0
3757	0.0	0.0
375189	0.0	0.0
91828	0.0	0.0
51386	0.0	0.0
55252	0.0	0.0
7439	0.0	0.0
6770	0.0	0.0
79816	0.0	0.0
55247	0.0	0.0
55707	0.0	0.0
26471	0.0	0.0
200734	0.0	0.0
27091	0.0	0.0
374407	0.0	0.0
7846	0.0	0.0
23645	0.0	0.0
552	0.0	0.0
8603	0.0	0.0
6156	0.0	0.0
135458	0.0	0.0
533	0.0	0.0
80011	0.0	0.0
171019	0.0	0.0
22794	0.0	0.0
79980	0.0	0.0
9997	0.0	0.0
1611	0.0	0.0
3754	0.0	0.0
23607	0.0	0.0
5828	0.0	0.0
662	0.0	0.0
9989	0.0	0.0
54551	0.0	0.0
5917	0.0	0.0
60487	0.0	0.0
54536	0.0	0.0
134430	0.0	0.0
55740	0.0	0.0
1730	0.0	0.0
4354	0.0	0.0
51203	0.0	0.0
3458	0.0	0.0
55181	0.0	0.0
5045	0.0	0.0
7018	0.0	0.0
10659	0.0	0.0
79751	0.0	0.0
142940	0.0	0.0
26958	0.0	0.0
8218	0.0	0.0
10632	0.0	0.0
57464	0.0	0.0
506	0.0	0.0
3678	0.0	0.0
6749	0.0	0.0
51287	0.0	0.0
150921	0.0	0.0
10423	0.0	0.0
54101	0.0	0.0
10672	0.0	0.0
744	0.0	0.0
5753	0.0	0.0
7046	0.0	0.0
10972	0.0	0.0
51631	0.0	0.0
207	0.0	0.0
90134	0.0	0.0
202052	0.0	0.0
1938	0.0	0.0
339122	0.0	0.0
3274	0.0	0.0
7916	0.0	0.0
284217	0.0	0.0
5966	0.0	0.0
5501	0.0	0.0
9657	0.0	0.0
3651	0.0	0.0
57129	0.0	0.0
89790	0.0	0.0
4361	0.0	0.0
8929	0.0	0.0
155435	0.0	0.0
2006	0.0	0.0
6827	0.0	0.0
728441	0.0	0.0
390205	0.0	0.0
3005	0.0	0.0
8178	0.0	0.0
7514	0.0	0.0
23567	0.0	0.0
84722	0.0	0.0
57459	0.0	0.0
183	0.0	0.0
51082	0.0	0.0
6745	0.0	0.0
2159	0.0	0.0
55355	0.0	0.0
642517	0.0	0.0
1767	0.0	0.0
4901	0.0	0.0
91782	0.0	0.0
10102	0.0	0.0
5371	0.0	0.0
551	0.0	0.0
26155	0.0	0.0
4041	0.0	0.0
79745	0.0	0.0
7371	0.0	0.0
55170	0.0	0.0
3293	0.0	0.0
1634	0.0	0.0
23129	0.0	0.0
115825	0.0	0.0
2181	0.0	0.0
7374	0.0	0.0
516	0.0	0.0
22858	0.0	0.0
1555	0.0	0.0
2774	0.0	0.0
84140	0.0	0.0
5565	0.0	0.0
57504	0.0	0.0
10587	0.0	0.0
389170	0.0	0.0
8564	0.0	0.0
3752	0.0	0.0
1234	0.0	0.0
2710	0.0	0.0
171425	0.0	0.0
498	0.0	0.0
112483	0.0	0.0
2703	0.0	0.0
8022	0.0	0.0
51380	0.0	0.0
5611	0.0	0.0
64098	0.0	0.0
57198	0.0	0.0
4907	0.0	0.0
27106	0.0	0.0
7409	0.0	0.0
6869	0.0	0.0
10113	0.0	0.0
80776	0.0	0.0
440	0.0	0.0
55567	0.0	0.0
3856	0.0	0.0
30012	0.0	0.0
85358	0.0	0.0
10803	0.0	0.0
220416	0.0	0.0
2535	0.0	0.0
9314	0.0	0.0
317772	0.0	0.0
151903	0.0	0.0
6619	0.0	0.0
5577	0.0	0.0
5526	0.0	0.0
9448	0.0	0.0
51115	0.0	0.0
374887	0.0	0.0
257397	0.0	0.0
114799	0.0	0.0
80146	0.0	0.0
942	0.0	0.0
64841	0.0	0.0
2963	0.0	0.0
6599	0.0	0.0
51497	0.0	0.0
1147	0.0	0.0
113457	0.0	0.0
2961	0.0	0.0
6294	0.0	0.0
633	0.0	0.0
5521	0.0	0.0
57551	0.0	0.0
7414	0.0	0.0
152687	0.0	0.0
3921	0.0	0.0
1813	0.0	0.0
8324	0.0	0.0
781	0.0	0.0
4653	0.0	0.0
7226	0.0	0.0
26586	0.0	0.0
1075	0.0	0.0
5590	0.0	0.0
5515	0.0	0.0
1407	0.0	0.0
10011	0.0	0.0
962	0.0	0.0
2781	0.0	0.0
23016	0.0	0.0
6605	0.0	0.0
5707	0.0	0.0
6698	0.0	0.0
25839	0.0	0.0
550	0.0	0.0
4636	0.0	0.0
4060	0.0	0.0
9699	0.0	0.0
29886	0.0	0.0
2567	0.0	0.0
56288	0.0	0.0
51121	0.0	0.0
5358	0.0	0.0
6556	0.0	0.0
2838	0.0	0.0
9140	0.0	0.0
2271	0.0	0.0
438	0.0	0.0
92949	0.0	0.0
462	0.0	0.0
83733	0.0	0.0
81671	0.0	0.0
6813	0.0	0.0
6101	0.0	0.0
869	0.0	0.0
1181	0.0	0.0
155	0.0	0.0
597	0.0	0.0
8417	0.0	0.0
472	0.0	0.0
558	0.0	0.0
51319	0.0	0.0
1421	0.0	0.0
8878	0.0	0.0
100271927	0.0	0.0
100532726	0.0	0.0
2812	0.0	0.0
51175	0.0	0.0
23381	0.0	0.0
6206	0.0	0.0
1821	0.0	0.0
4259	0.0	0.0
51573	0.0	0.0
113130	0.0	0.0
6633	0.0	0.0
23421	0.0	0.0
4300	0.0	0.0
317	0.0	0.0
63922	0.0	0.0
716	0.0	0.0
79048	0.0	0.0
6240	0.0	0.0
9789	0.0	0.0
8320	0.0	0.0
59286	0.0	0.0
23205	0.0	0.0
3700	0.0	0.0
3070	0.0	0.0
83999	0.0	0.0
6223	0.0	0.0
63933	0.0	0.0
2492	0.0	0.0
23392	0.0	0.0
79797	0.0	0.0
9463	0.0	0.0
29079	0.0	0.0
2923	0.0	0.0
11245	0.0	0.0
372	0.0	0.0
79571	0.0	0.0
3791	0.0	0.0
2947	0.0	0.0
388125	0.0	0.0
100529097	0.0	0.0
100506888	0.0	0.0
7802	0.0	0.0
115416	0.0	0.0
29796	0.0	0.0
2035	0.0	0.0
11015	0.0	0.0
9627	0.0	0.0
9170	0.0	0.0
23071	0.0	0.0
8120	0.0	0.0
1312	0.0	0.0
9015	0.0	0.0
2792	0.0	0.0
10461	0.0	0.0
7020	0.0	0.0
2952	0.0	0.0
6718	0.0	0.0
402569	0.0	0.0
85406	0.0	0.0
25813	0.0	0.0
5293	0.0	0.0
185	0.0	0.0
8492	0.0	0.0
2623	0.0	0.0
6945	0.0	0.0
23025	0.0	0.0
5700	0.0	0.0
6159	0.0	0.0
4170	0.0	0.0
149371	0.0	0.0
8760	0.0	0.0
6170	0.0	0.0
525	0.0	0.0
3695	0.0	0.0
6667	0.0	0.0
6870	0.0	0.0
3620	0.0	0.0
4975	0.0	0.0
22933	0.0	0.0
64858	0.0	0.0
4343	0.0	0.0
23345	0.0	0.0
7535	0.0	0.0
85378	0.0	0.0
1345	0.0	0.0
139596	0.0	0.0
1917	0.0	0.0
10963	0.0	0.0
10953	0.0	0.0
65110	0.0	0.0
92	0.0	0.0
85415	0.0	0.0
7027	0.0	0.0
6608	0.0	0.0
144983	0.0	0.0
84324	0.0	0.0
84101	0.0	0.0
26355	0.0	0.0
7384	0.0	0.0
112755	0.0	0.0
9913	0.0	0.0
4292	0.0	0.0
2237	0.0	0.0
339398	0.0	0.0
3832	0.0	0.0
51742	0.0	0.0
51270	0.0	0.0
373	0.0	0.0
7422	0.0	0.0
7014	0.0	0.0
116	0.0	0.0
57446	0.0	0.0
5539	0.0	0.0
143187	0.0	0.0
26156	0.0	0.0
27112	0.0	0.0
332	0.0	0.0
6118	0.0	0.0
6000	0.0	0.0
1462	0.0	0.0
1420	0.0	0.0
1586	0.0	0.0
51143	0.0	0.0
4928	0.0	0.0
2067	0.0	0.0
2033	0.0	0.0
7249	0.0	0.0
9755	0.0	0.0
92714	0.0	0.0
1520	0.0	0.0
10681	0.0	0.0
4695	0.0	0.0
9472	0.0	0.0
9940	0.0	0.0
2879	0.0	0.0
84557	0.0	0.0
1288	0.0	0.0
116541	0.0	0.0
51187	0.0	0.0
4338	0.0	0.0
5714	0.0	0.0
3199	0.0	0.0
3736	0.0	0.0
122704	0.0	0.0
5328	0.0	0.0
84444	0.0	0.0
125476	0.0	0.0
23163	0.0	0.0
220134	0.0	0.0
11336	0.0	0.0
5885	0.0	0.0
835	0.0	0.0
10769	0.0	0.0
26504	0.0	0.0
6668	0.0	0.0
23385	0.0	0.0
56925	0.0	0.0
59342	0.0	0.0
26088	0.0	0.0
28996	0.0	0.0
3170	0.0	0.0
22897	0.0	0.0
6860	0.0	0.0
3975	0.0	0.0
79799	0.0	0.0
3148	0.0	0.0
7201	0.0	0.0
3032	0.0	0.0
4312	0.0	0.0
4035	0.0	0.0
4288	0.0	0.0
60506	0.0	0.0
54963	0.0	0.0
2771	0.0	0.0
8573	0.0	0.0
23545	0.0	0.0
729540	0.0	0.0
9258	0.0	0.0
10594	0.0	0.0
1977	0.0	0.0
23137	0.0	0.0
51015	0.0	0.0
1395	0.0	0.0
29889	0.0	0.0
51116	0.0	0.0
808	0.0	0.0
55586	0.0	0.0
79058	0.0	0.0
140735	0.0	0.0
3479	0.0	0.0
27089	0.0	0.0
9861	0.0	0.0
1032	0.0	0.0
988	0.0	0.0
55582	0.0	0.0
8666	0.0	0.0
5984	0.0	0.0
6925	0.0	0.0
6760	0.0	0.0
9022	0.0	0.0
994	0.0	0.0
1537	0.0	0.0
5256	0.0	0.0
353	0.0	0.0
645191	0.0	0.0
3625	0.0	0.0
5498	0.0	0.0
203859	0.0	0.0
56941	0.0	0.0
80149	0.0	0.0
2936	0.0	0.0
26984	0.0	0.0
149111	0.0	0.0
64105	0.0	0.0
7486	0.0	0.0
1327	0.0	0.0
3094	0.0	0.0
2898	0.0	0.0
6648	0.0	0.0
8943	0.0	0.0
9833	0.0	0.0
1528	0.0	0.0
5522	0.0	0.0
6853	0.0	0.0
9342	0.0	0.0
114824	0.0	0.0
27285	0.0	0.0
8458	0.0	0.0
6385	0.0	0.0
79707	0.0	0.0
26269	0.0	0.0
6915	0.0	0.0
51701	0.0	0.0
54413	0.0	0.0
5347	0.0	0.0
2946	0.0	0.0
80207	0.0	0.0
5052	0.0	0.0
9241	0.0	0.0
83552	0.0	0.0
5754	0.0	0.0
51224	0.0	0.0
10484	0.0	0.0
1646	0.0	0.0
23768	0.0	0.0
376267	0.0	0.0
22938	0.0	0.0
84432	0.0	0.0
4194	0.0	0.0
4534	0.0	0.0
5602	0.0	0.0
890	0.0	0.0
51762	0.0	0.0
25909	0.0	0.0
6136	0.0	0.0
2932	0.0	0.0
3960	0.0	0.0
11127	0.0	0.0
5741	0.0	0.0
8825	0.0	0.0
11190	0.0	0.0
10126	0.0	0.0
9156	0.0	0.0
5359	0.0	0.0
10911	0.0	0.0
5893	0.0	0.0
1000	0.0	0.0
10553	0.0	0.0
9267	0.0	0.0
100526794	0.0	0.0
10389	0.0	0.0
79720	0.0	0.0
6197	0.0	0.0
4670	0.0	0.0
55754	0.0	0.0
2768	0.0	0.0
5411	0.0	0.0
9969	0.0	0.0
4314	0.0	0.0
5339	0.0	0.0
3606	0.0	0.0
1241	0.0	0.0
1733	0.0	0.0
91056	0.0	0.0
3192	0.0	0.0
2843	0.0	0.0
7804	0.0	0.0
339302	0.0	0.0
1438	0.0	0.0
115209	0.0	0.0
8674	0.0	0.0
441549	0.0	0.0
84833	0.0	0.0
301	0.0	0.0
11339	0.0	0.0
23589	0.0	0.0
1293	0.0	0.0
83658	0.0	0.0
3751	0.0	0.0
65078	0.0	0.0
1027	0.0	0.0
4544	0.0	0.0
54976	0.0	0.0
9201	0.0	0.0
65003	0.0	0.0
54577	0.0	0.0
10888	0.0	0.0
6517	0.0	0.0
55362	0.0	0.0
5869	0.0	0.0
8295	0.0	0.0
51384	0.0	0.0
6809	0.0	0.0
7994	0.0	0.0
25913	0.0	0.0
83551	0.0	0.0
7528	0.0	0.0
51699	0.0	0.0
29088	0.0	0.0
162514	0.0	0.0
11136	0.0	0.0
10327	0.0	0.0
2797	0.0	0.0
11340	0.0	0.0
57047	0.0	0.0
123263	0.0	0.0
8398	0.0	0.0
134957	0.0	0.0
55759	0.0	0.0
11216	0.0	0.0
84230	0.0	0.0
81610	0.0	0.0
9970	0.0	0.0
7091	0.0	0.0
79738	0.0	0.0
11031	0.0	0.0
2828	0.0	0.0
50484	0.0	0.0
9371	0.0	0.0
4683	0.0	0.0
23322	0.0	0.0
54821	0.0	0.0
6862	0.0	0.0
51209	0.0	0.0
84629	0.0	0.0
140032	0.0	0.0
10400	0.0	0.0
51010	0.0	0.0
1105	0.0	0.0
64087	0.0	0.0
103910	0.0	0.0
81876	0.0	0.0
7874	0.0	0.0
100885848	0.0	0.0
64108	0.0	0.0
6129	0.0	0.0
10884	0.0	0.0
84251	0.0	0.0
5172	0.0	0.0
161394	0.0	0.0
1856	0.0	0.0
1031	0.0	0.0
8099	0.0	0.0
54557	0.0	0.0
4644	0.0	0.0
6046	0.0	0.0
2769	0.0	0.0
29028	0.0	0.0
4697	0.0	0.0
4210	0.0	0.0
1734	0.0	0.0
5934	0.0	0.0
6834	0.0	0.0
221357	0.0	0.0
10347	0.0	0.0
28962	0.0	0.0
6780	0.0	0.0
8729	0.0	0.0
5830	0.0	0.0
7038	0.0	0.0
60488	0.0	0.0
2987	0.0	0.0
9265	0.0	0.0
125965	0.0	0.0
11277	0.0	0.0
57716	0.0	0.0
79611	0.0	0.0
64425	0.0	0.0
9196	0.0	0.0
1329	0.0	0.0
83657	0.0	0.0
1524	0.0	0.0
8914	0.0	0.0
54908	0.0	0.0
1778	0.0	0.0
4174	0.0	0.0
10992	0.0	0.0
54476	0.0	0.0
161	0.0	0.0
4159	0.0	0.0
29925	0.0	0.0
54657	0.0	0.0
3929	0.0	0.0
10767	0.0	0.0
22829	0.0	0.0
8630	0.0	0.0
3710	0.0	0.0
10887	0.0	0.0
5409	0.0	0.0
3336	0.0	0.0
7915	0.0	0.0
7855	0.0	0.0
166979	0.0	0.0
84698	0.0	0.0
65010	0.0	0.0
10768	0.0	0.0
221496	0.0	0.0
9133	0.0	0.0
1476	0.0	0.0
85462	0.0	0.0
65985	0.0	0.0
1649	0.0	0.0
5580	0.0	0.0
7936	0.0	0.0
64106	0.0	0.0
221613	0.0	0.0
5232	0.0	0.0
1666	0.0	0.0
27183	0.0	0.0
2275	0.0	0.0
57167	0.0	0.0
56999	0.0	0.0
27236	0.0	0.0
1291	0.0	0.0
84342	0.0	0.0
1008	0.0	0.0
316	0.0	0.0
6804	0.0	0.0
529	0.0	0.0
1163	0.0	0.0
84720	0.0	0.0
54938	0.0	0.0
22919	0.0	0.0
84938	0.0	0.0
9337	0.0	0.0
4650	0.0	0.0
2555	0.0	0.0
6430	0.0	0.0
79883	0.0	0.0
64221	0.0	0.0
3916	0.0	0.0
54995	0.0	0.0
6829	0.0	0.0
8456	0.0	0.0
8659	0.0	0.0
55192	0.0	0.0
83468	0.0	0.0
57486	0.0	0.0
2837	0.0	0.0
60558	0.0	0.0
55650	0.0	0.0
56993	0.0	0.0
6772	0.0	0.0
54872	0.0	0.0
3755	0.0	0.0
64207	0.0	0.0
4751	0.0	0.0
8537	0.0	0.0
81704	0.0	0.0
54543	0.0	0.0
8570	0.0	0.0
51510	0.0	0.0
7367	0.0	0.0
60680	0.0	0.0
5532	0.0	0.0
3631	0.0	0.0
26045	0.0	0.0
3786	0.0	0.0
377630	0.0	0.0
2556	0.0	0.0
2295	0.0	0.0
2785	0.0	0.0
8975	0.0	0.0
25989	0.0	0.0
114	0.0	0.0
10673	0.0	0.0
9918	0.0	0.0
685	0.0	0.0
2597	0.0	0.0
64837	0.0	0.0
10771	0.0	0.0
374654	0.0	0.0
2891	0.0	0.0
3696	0.0	0.0
84759	0.0	0.0
6100	0.0	0.0
221078	0.0	0.0
5245	0.0	0.0
1025	0.0	0.0
5092	0.0	0.0
4999	0.0	0.0
1841	0.0	0.0
8880	0.0	0.0
8100	0.0	0.0
5530	0.0	0.0
169522	0.0	0.0
836	0.0	0.0
8431	0.0	0.0
2867	0.0	0.0
9183	0.0	0.0
31	0.0	0.0
9609	0.0	0.0
885	0.0	0.0
226	0.0	0.0
83439	0.0	0.0
476	0.0	0.0
2939	0.0	0.0
26579	0.0	0.0
57669	0.0	0.0
134266	0.0	0.0
1909	0.0	0.0
1051	0.0	0.0
25936	0.0	0.0
9862	0.0	0.0
1385	0.0	0.0
368	0.0	0.0
5148	0.0	0.0
7060	0.0	0.0
57405	0.0	0.0
6235	0.0	0.0
285601	0.0	0.0
23471	0.0	0.0
59277	0.0	0.0
57010	0.0	0.0
1452	0.0	0.0
22844	0.0	0.0
153	0.0	0.0
10535	0.0	0.0
115024	0.0	0.0
22882	0.0	0.0
653689	0.0	0.0
79747	0.0	0.0
161829	0.0	0.0
285855	0.0	0.0
2793	0.0	0.0
11222	0.0	0.0
2977	0.0	0.0
5337	0.0	0.0
4004	0.0	0.0
23654	0.0	0.0
5204	0.0	0.0
7434	0.0	0.0
830	0.0	0.0
3674	0.0	0.0
503497	0.0	0.0
92799	0.0	0.0
23516	0.0	0.0
120	0.0	0.0
260434	0.0	0.0
429	0.0	0.0
10497	0.0	0.0
127	0.0	0.0
10449	0.0	0.0
5468	0.0	0.0
147700	0.0	0.0
3375	0.0	0.0
4867	0.0	0.0
51604	0.0	0.0
9277	0.0	0.0
23118	0.0	0.0
5266	0.0	0.0
7155	0.0	0.0
6019	0.0	0.0
64581	0.0	0.0
79877	0.0	0.0
677	0.0	0.0
143471	0.0	0.0
8626	0.0	0.0
51406	0.0	0.0
1400	0.0	0.0
1723	0.0	0.0
6674	0.0	0.0
11096	0.0	0.0
5036	0.0	0.0
538	0.0	0.0
23530	0.0	0.0
27164	0.0	0.0
347688	0.0	0.0
57609	0.0	0.0
51585	0.0	0.0
83878	0.0	0.0
2487	0.0	0.0
54984	0.0	0.0
10288	0.0	0.0
27141	0.0	0.0
10155	0.0	0.0
3151	0.0	0.0
158038	0.0	0.0
79763	0.0	0.0
79813	0.0	0.0
1910	0.0	0.0
796	0.0	0.0
3972	0.0	0.0
55054	0.0	0.0
4318	0.0	0.0
11101	0.0	0.0
51659	0.0	0.0
9648	0.0	0.0
4829	0.0	0.0
9871	0.0	0.0
55183	0.0	0.0
27072	0.0	0.0
130162	0.0	0.0
330	0.0	0.0
374462	0.0	0.0
2230	0.0	0.0
29117	0.0	0.0
2902	0.0	0.0
1785	0.0	0.0
139135	0.0	0.0
10284	0.0	0.0
6187	0.0	0.0
539	0.0	0.0
6935	0.0	0.0
3190	0.0	0.0
79065	0.0	0.0
2047	0.0	0.0
83988	0.0	0.0
416	0.0	0.0
5929	0.0	0.0
22820	0.0	0.0
6252	0.0	0.0
26147	0.0	0.0
221150	0.0	0.0
10521	0.0	0.0
10738	0.0	0.0
80201	0.0	0.0
728929	0.0	0.0
5780	0.0	0.0
23293	0.0	0.0
547	0.0	0.0
116841	0.0	0.0
4340	0.0	0.0
84215	0.0	0.0
11250	0.0	0.0
283209	0.0	0.0
83894	0.0	0.0
10840	0.0	0.0
10161	0.0	0.0
114548	0.0	0.0
348995	0.0	0.0
83659	0.0	0.0
6670	0.0	0.0
83696	0.0	0.0
4356	0.0	0.0
4515	0.0	0.0
4831	0.0	0.0
738	0.0	0.0
10814	0.0	0.0
51780	0.0	0.0
3337	0.0	0.0
3796	0.0	0.0
4666	0.0	0.0
51372	0.0	0.0
58157	0.0	0.0
3681	0.0	0.0
81631	0.0	0.0
54575	0.0	0.0
11014	0.0	0.0
3091	0.0	0.0
26100	0.0	0.0
8774	0.0	0.0
5579	0.0	0.0
6657	0.0	0.0
8477	0.0	0.0
283849	0.0	0.0
128674	0.0	0.0
3797	0.0	0.0
4130	0.0	0.0
10199	0.0	0.0
6712	0.0	0.0
7187	0.0	0.0
6134	0.0	0.0
11316	0.0	0.0
23181	0.0	0.0
2122	0.0	0.0
3930	0.0	0.0
9038	0.0	0.0
1211	0.0	0.0
7378	0.0	0.0
7175	0.0	0.0
6895	0.0	0.0
1285	0.0	0.0
5549	0.0	0.0
8701	0.0	0.0
58158	0.0	0.0
116135	0.0	0.0
64064	0.0	0.0
10844	0.0	0.0
10352	0.0	0.0
993	0.0	0.0
1232	0.0	0.0
64714	0.0	0.0
51053	0.0	0.0
2011	0.0	0.0
5547	0.0	0.0
3838	0.0	0.0
63876	0.0	0.0
23122	0.0	0.0
100996465	0.0	0.0
10808	0.0	0.0
2182	0.0	0.0
255967	0.0	0.0
222256	0.0	0.0
29928	0.0	0.0
92815	0.0	0.0
4049	0.0	0.0
151306	0.0	0.0
6344	0.0	0.0
64423	0.0	0.0
3096	0.0	0.0
23274	0.0	0.0
9583	0.0	0.0
4286	0.0	0.0
1417	0.0	0.0
118487	0.0	0.0
990	0.0	0.0
28973	0.0	0.0
5695	0.0	0.0
80218	0.0	0.0
6710	0.0	0.0
2561	0.0	0.0
1406	0.0	0.0
324	0.0	0.0
7482	0.0	0.0
7430	0.0	0.0
83992	0.0	0.0
9476	0.0	0.0
8655	0.0	0.0
255231	0.0	0.0
7043	0.0	0.0
10560	0.0	0.0
3269	0.0	0.0
2890	0.0	0.0
8856	0.0	0.0
2911	0.0	0.0
51155	0.0	0.0
64689	0.0	0.0
3611	0.0	0.0
84057	0.0	0.0
7490	0.0	0.0
10472	0.0	0.0
55128	0.0	0.0
2819	0.0	0.0
23415	0.0	0.0
2925	0.0	0.0
2213	0.0	0.0
2693	0.0	0.0
5564	0.0	0.0
253558	0.0	0.0
4094	0.0	0.0
9287	0.0	0.0
624	0.0	0.0
51388	0.0	0.0
10266	0.0	0.0
51534	0.0	0.0
2488	0.0	0.0
26047	0.0	0.0
474354	0.0	0.0
5429	0.0	0.0
10228	0.0	0.0
4724	0.0	0.0
5395	0.0	0.0
6866	0.0	0.0
1435	0.0	0.0
79075	0.0	0.0
23468	0.0	0.0
4014	0.0	0.0
81892	0.0	0.0
4124	0.0	0.0
79674	0.0	0.0
51009	0.0	0.0
5378	0.0	0.0
84232	0.0	0.0
2944	0.0	0.0
2264	0.0	0.0
4161	0.0	0.0
7296	0.0	0.0
54148	0.0	0.0
57134	0.0	0.0
10947	0.0	0.0
2020	0.0	0.0
79172	0.0	0.0
4647	0.0	0.0
8927	0.0	0.0
54361	0.0	0.0
124602	0.0	0.0
8871	0.0	0.0
4085	0.0	0.0
4322	0.0	0.0
3667	0.0	0.0
100534593	0.0	0.0
55276	0.0	0.0
8148	0.0	0.0
1576	0.0	0.0
85417	0.0	0.0
249	0.0	0.0
3200	0.0	0.0
51253	0.0	0.0
11198	0.0	0.0
9992	0.0	0.0
114825	0.0	0.0
84417	0.0	0.0
4608	0.0	0.0
477	0.0	0.0
57132	0.0	0.0
10916	0.0	0.0
23600	0.0	0.0
2862	0.0	0.0
6189	0.0	0.0
10417	0.0	0.0
128346	0.0	0.0
23234	0.0	0.0
170712	0.0	0.0
79758	0.0	0.0
359	0.0	0.0
1522	0.0	0.0
27127	0.0	0.0
664	0.0	0.0
122706	0.0	0.0
7094	0.0	0.0
1028	0.0	0.0
5563	0.0	0.0
39	0.0	0.0
1956	0.0	0.0
2107	0.0	0.0
841	0.0	0.0
92291	0.0	0.0
1040	0.0	0.0
92259	0.0	0.0
6125	0.0	0.0
6169	0.0	0.0
3547	0.0	0.0
8513	0.0	0.0
2778	0.0	0.0
117177	0.0	0.0
22997	0.0	0.0
8301	0.0	0.0
9312	0.0	0.0
1728	0.0	0.0
1978	0.0	0.0
6289	0.0	0.0
51422	0.0	0.0
9692	0.0	0.0
5373	0.0	0.0
55125	0.0	0.0
3683	0.0	0.0
8322	0.0	0.0
11317	0.0	0.0
3021	0.0	0.0
55349	0.0	0.0
127602	0.0	0.0
2959	0.0	0.0
5357	0.0	0.0
839	0.0	0.0
1906	0.0	0.0
2665	0.0	0.0
